,subject,problem,group,choice,samplesize,Lx0,Lp0,Lf0,Lx1,Lp1,Lf1,Hx0,Hp0,Hf0,Hx1,Hp1,Hf1
0,0,0,0,1,2,12.6,0.63,0.0,0.2,0.37,1.0,27.3,0.06,0.0,10.4,0.94,1.0
1,1,0,0,1,2,12.6,0.63,0.0,0.2,0.37,1.0,27.3,0.06,1.0,10.4,0.94,0.0
2,2,0,0,1,2,12.6,0.63,1.0,0.2,0.37,0.0,27.3,0.06,0.0,10.4,0.94,1.0
3,3,0,0,1,2,12.6,0.63,1.0,0.2,0.37,0.0,27.3,0.06,0.0,10.4,0.94,1.0
4,4,0,0,1,2,12.6,0.63,1.0,0.2,0.37,0.0,27.3,0.06,0.0,10.4,0.94,1.0
5,5,0,0,1,2,12.6,0.63,1.0,0.2,0.37,0.0,27.3,0.06,0.0,10.4,0.94,1.0
6,6,0,0,1,2,12.6,0.63,0.0,0.2,0.37,1.0,27.3,0.06,0.0,10.4,0.94,1.0
7,7,0,0,1,2,12.6,0.63,1.0,0.2,0.37,0.0,27.3,0.06,0.0,10.4,0.94,1.0
8,8,0,0,1,2,12.6,0.63,1.0,0.2,0.37,0.0,27.3,0.06,0.0,10.4,0.94,1.0
9,9,0,0,1,2,12.6,0.63,0.0,0.2,0.37,1.0,27.3,0.06,0.0,10.4,0.94,1.0
10,10,0,0,1,2,12.6,0.63,0.0,0.2,0.37,1.0,27.3,0.06,0.0,10.4,0.94,1.0
11,11,0,0,1,2,12.6,0.63,1.0,0.2,0.37,0.0,27.3,0.06,0.0,10.4,0.94,1.0
12,12,0,0,1,2,12.6,0.63,1.0,0.2,0.37,0.0,27.3,0.06,0.0,10.4,0.94,1.0
13,13,0,0,1,2,12.6,0.63,1.0,0.2,0.37,0.0,27.3,0.06,0.0,10.4,0.94,1.0
14,14,0,0,1,2,12.6,0.63,1.0,0.2,0.37,0.0,27.3,0.06,0.0,10.4,0.94,1.0
15,15,0,0,1,2,12.6,0.63,0.0,0.2,0.37,1.0,27.3,0.06,0.0,10.4,0.94,1.0
16,16,0,0,1,2,12.6,0.63,0.0,0.2,0.37,1.0,27.3,0.06,0.0,10.4,0.94,1.0
17,17,0,0,1,2,12.6,0.63,1.0,0.2,0.37,0.0,27.3,0.06,0.0,10.4,0.94,1.0
18,18,0,0,1,2,12.6,0.63,0.0,0.2,0.37,1.0,27.3,0.06,0.0,10.4,0.94,1.0
19,19,0,0,1,2,12.6,0.63,0.0,0.2,0.37,1.0,27.3,0.06,0.0,10.4,0.94,1.0
20,0,1,0,1,2,4.1,0.4,1.0,11.7,0.6,0.0,26.0,0.09,0.0,10.4,0.91,1.0
21,1,1,0,1,2,4.1,0.4,0.0,11.7,0.6,1.0,26.0,0.09,0.0,10.4,0.91,1.0
22,2,1,0,1,2,4.1,0.4,0.0,11.7,0.6,1.0,26.0,0.09,1.0,10.4,0.91,0.0
23,3,1,0,1,2,4.1,0.4,0.0,11.7,0.6,1.0,26.0,0.09,0.0,10.4,0.91,1.0
24,4,1,0,1,2,4.1,0.4,1.0,11.7,0.6,0.0,26.0,0.09,0.0,10.4,0.91,1.0
25,5,1,0,1,2,4.1,0.4,0.0,11.7,0.6,1.0,26.0,0.09,0.0,10.4,0.91,1.0
26,6,1,0,1,2,4.1,0.4,1.0,11.7,0.6,0.0,26.0,0.09,0.0,10.4,0.91,1.0
27,7,1,0,1,2,4.1,0.4,0.0,11.7,0.6,1.0,26.0,0.09,0.0,10.4,0.91,1.0
28,8,1,0,1,2,4.1,0.4,0.0,11.7,0.6,1.0,26.0,0.09,1.0,10.4,0.91,0.0
29,9,1,0,1,2,4.1,0.4,0.0,11.7,0.6,1.0,26.0,0.09,0.0,10.4,0.91,1.0
30,10,1,0,1,2,4.1,0.4,0.0,11.7,0.6,1.0,26.0,0.09,0.0,10.4,0.91,1.0
31,11,1,0,1,2,4.1,0.4,0.0,11.7,0.6,1.0,26.0,0.09,1.0,10.4,0.91,0.0
32,12,1,0,1,2,4.1,0.4,0.0,11.7,0.6,1.0,26.0,0.09,0.0,10.4,0.91,1.0
33,13,1,0,1,2,4.1,0.4,1.0,11.7,0.6,0.0,26.0,0.09,0.0,10.4,0.91,1.0
34,14,1,0,1,2,4.1,0.4,0.0,11.7,0.6,1.0,26.0,0.09,0.0,10.4,0.91,1.0
35,15,1,0,1,2,4.1,0.4,1.0,11.7,0.6,0.0,26.0,0.09,0.0,10.4,0.91,1.0
36,16,1,0,1,2,4.1,0.4,0.0,11.7,0.6,1.0,26.0,0.09,0.0,10.4,0.91,1.0
37,17,1,0,1,2,4.1,0.4,0.0,11.7,0.6,1.0,26.0,0.09,0.0,10.4,0.91,1.0
38,18,1,0,1,2,4.1,0.4,1.0,11.7,0.6,0.0,26.0,0.09,0.0,10.4,0.91,1.0
39,19,1,0,1,2,4.1,0.4,1.0,11.7,0.6,0.0,26.0,0.09,0.0,10.4,0.91,1.0
40,0,2,0,0,3,18.0,0.09,0.0,7.0,0.91,1.0,3.4,0.61,1.0,23.8,0.39,0.0
41,1,2,0,1,3,18.0,0.09,0.0,7.0,0.91,1.0,3.4,0.61,1.0,23.8,0.39,0.0
42,2,2,0,1,3,18.0,0.09,0.0,7.0,0.91,1.0,3.4,0.61,0.5,23.8,0.39,0.5
43,3,2,0,1,2,18.0,0.09,0.0,7.0,0.91,1.0,3.4,0.61,0.0,23.8,0.39,1.0
44,4,2,0,1,3,18.0,0.09,0.0,7.0,0.91,1.0,3.4,0.61,1.0,23.8,0.39,0.0
45,5,2,0,1,3,18.0,0.09,0.0,7.0,0.91,1.0,3.4,0.61,1.0,23.8,0.39,0.0
46,6,2,0,0,2,18.0,0.09,1.0,7.0,0.91,0.0,3.4,0.61,1.0,23.8,0.39,0.0
47,7,2,0,0,2,18.0,0.09,1.0,7.0,0.91,0.0,3.4,0.61,0.0,23.8,0.39,1.0
48,8,2,0,0,2,18.0,0.09,1.0,7.0,0.91,0.0,3.4,0.61,1.0,23.8,0.39,0.0
49,9,2,0,0,3,18.0,0.09,0.0,7.0,0.91,1.0,3.4,0.61,1.0,23.8,0.39,0.0
50,10,2,0,0,3,18.0,0.09,0.5,7.0,0.91,0.5,3.4,0.61,1.0,23.8,0.39,0.0
51,11,2,0,1,3,18.0,0.09,0.0,7.0,0.91,1.0,3.4,0.61,1.0,23.8,0.39,0.0
52,12,2,0,1,2,18.0,0.09,0.0,7.0,0.91,1.0,3.4,0.61,0.0,23.8,0.39,1.0
53,13,2,0,1,3,18.0,0.09,0.0,7.0,0.91,1.0,3.4,0.61,1.0,23.8,0.39,0.0
54,14,2,0,1,3,18.0,0.09,0.0,7.0,0.91,1.0,3.4,0.61,1.0,23.8,0.39,0.0
55,15,2,0,0,3,18.0,0.09,0.0,7.0,0.91,1.0,3.4,0.61,1.0,23.8,0.39,0.0
56,16,2,0,1,2,18.0,0.09,0.0,7.0,0.91,1.0,3.4,0.61,0.0,23.8,0.39,1.0
57,17,2,0,1,2,18.0,0.09,0.0,7.0,0.91,1.0,3.4,0.61,0.0,23.8,0.39,1.0
58,18,2,0,1,2,18.0,0.09,0.0,7.0,0.91,1.0,3.4,0.61,0.0,23.8,0.39,1.0
59,19,2,0,1,3,18.0,0.09,0.0,7.0,0.91,1.0,3.4,0.61,1.0,23.8,0.39,0.0
60,0,3,0,1,3,23.8,0.07,0.0,7.3,0.93,1.0,3.9,0.6,1.0,23.0,0.4,0.0
61,1,3,0,1,3,23.8,0.07,0.0,7.3,0.93,1.0,3.9,0.6,1.0,23.0,0.4,0.0
62,2,3,0,1,3,23.8,0.07,0.0,7.3,0.93,1.0,3.9,0.6,1.0,23.0,0.4,0.0
63,3,3,0,0,3,23.8,0.07,0.0,7.3,0.93,1.0,3.9,0.6,1.0,23.0,0.4,0.0
64,4,3,0,0,3,23.8,0.07,0.0,7.3,0.93,1.0,3.9,0.6,1.0,23.0,0.4,0.0
65,5,3,0,1,2,23.8,0.07,0.0,7.3,0.93,1.0,3.9,0.6,0.0,23.0,0.4,1.0
66,6,3,0,1,3,23.8,0.07,0.0,7.3,0.93,1.0,3.9,0.6,1.0,23.0,0.4,0.0
67,7,3,0,1,2,23.8,0.07,0.0,7.3,0.93,1.0,3.9,0.6,0.0,23.0,0.4,1.0
68,8,3,0,0,3,23.8,0.07,0.5,7.3,0.93,0.5,3.9,0.6,1.0,23.0,0.4,0.0
69,9,3,0,1,2,23.8,0.07,0.0,7.3,0.93,1.0,3.9,0.6,0.0,23.0,0.4,1.0
70,10,3,0,1,2,23.8,0.07,0.0,7.3,0.93,1.0,3.9,0.6,0.0,23.0,0.4,1.0
71,11,3,0,1,2,23.8,0.07,0.0,7.3,0.93,1.0,3.9,0.6,0.0,23.0,0.4,1.0
72,12,3,0,1,2,23.8,0.07,0.0,7.3,0.93,1.0,3.9,0.6,0.0,23.0,0.4,1.0
73,13,3,0,1,2,23.8,0.07,0.0,7.3,0.93,1.0,3.9,0.6,0.0,23.0,0.4,1.0
74,14,3,0,1,3,23.8,0.07,0.0,7.3,0.93,1.0,3.9,0.6,1.0,23.0,0.4,0.0
75,15,3,0,1,3,23.8,0.07,0.0,7.3,0.93,1.0,3.9,0.6,1.0,23.0,0.4,0.0
76,16,3,0,1,3,23.8,0.07,0.0,7.3,0.93,1.0,3.9,0.6,0.5,23.0,0.4,0.5
77,17,3,0,1,3,23.8,0.07,0.0,7.3,0.93,1.0,3.9,0.6,1.0,23.0,0.4,0.0
78,18,3,0,1,3,23.8,0.07,0.0,7.3,0.93,1.0,3.9,0.6,0.5,23.0,0.4,0.5
79,19,3,0,1,3,23.8,0.07,0.0,7.3,0.93,1.0,3.9,0.6,1.0,23.0,0.4,0.0
80,0,4,0,1,3,27.0,0.06,0.0,7.3,0.94,1.0,3.9,0.6,1.0,23.5,0.4,0.0
81,1,4,0,1,2,27.0,0.06,0.0,7.3,0.94,1.0,3.9,0.6,0.0,23.5,0.4,1.0
82,2,4,0,1,3,27.0,0.06,0.0,7.3,0.94,1.0,3.9,0.6,1.0,23.5,0.4,0.0
83,3,4,0,1,2,27.0,0.06,0.0,7.3,0.94,1.0,3.9,0.6,0.0,23.5,0.4,1.0
84,4,4,0,0,3,27.0,0.06,0.0,7.3,0.94,1.0,3.9,0.6,1.0,23.5,0.4,0.0
85,5,4,0,1,2,27.0,0.06,0.0,7.3,0.94,1.0,3.9,0.6,0.0,23.5,0.4,1.0
86,6,4,0,1,2,27.0,0.06,0.0,7.3,0.94,1.0,3.9,0.6,0.0,23.5,0.4,1.0
87,7,4,0,1,2,27.0,0.06,0.0,7.3,0.94,1.0,3.9,0.6,0.0,23.5,0.4,1.0
88,8,4,0,0,3,27.0,0.06,0.0,7.3,0.94,1.0,3.9,0.6,1.0,23.5,0.4,0.0
89,9,4,0,0,3,27.0,0.06,0.0,7.3,0.94,1.0,3.9,0.6,1.0,23.5,0.4,0.0
90,10,4,0,1,2,27.0,0.06,0.0,7.3,0.94,1.0,3.9,0.6,0.0,23.5,0.4,1.0
91,11,4,0,1,2,27.0,0.06,0.0,7.3,0.94,1.0,3.9,0.6,0.0,23.5,0.4,1.0
92,12,4,0,1,3,27.0,0.06,0.0,7.3,0.94,1.0,3.9,0.6,1.0,23.5,0.4,0.0
93,13,4,0,1,2,27.0,0.06,0.0,7.3,0.94,1.0,3.9,0.6,0.0,23.5,0.4,1.0
94,14,4,0,1,2,27.0,0.06,0.0,7.3,0.94,1.0,3.9,0.6,0.0,23.5,0.4,1.0
95,15,4,0,0,2,27.0,0.06,1.0,7.3,0.94,0.0,3.9,0.6,0.0,23.5,0.4,1.0
96,16,4,0,1,2,27.0,0.06,0.0,7.3,0.94,1.0,3.9,0.6,0.0,23.5,0.4,1.0
97,17,4,0,1,3,27.0,0.06,0.0,7.3,0.94,1.0,3.9,0.6,0.5,23.5,0.4,0.5
98,18,4,0,1,2,27.0,0.06,0.0,7.3,0.94,1.0,3.9,0.6,0.0,23.5,0.4,1.0
99,19,4,0,1,3,27.0,0.06,0.0,7.3,0.94,1.0,3.9,0.6,0.5,23.5,0.4,0.5
100,0,5,0,0,2,0.1,0.6,0.0,19.7,0.4,1.0,10.6,0.95,1.0,25.7,0.05,0.0
101,1,5,0,0,2,0.1,0.6,0.0,19.7,0.4,1.0,10.6,0.95,1.0,25.7,0.05,0.0
102,2,5,0,0,2,0.1,0.6,0.0,19.7,0.4,1.0,10.6,0.95,1.0,25.7,0.05,0.0
103,3,5,0,1,2,0.1,0.6,1.0,19.7,0.4,0.0,10.6,0.95,1.0,25.7,0.05,0.0
104,4,5,0,1,2,0.1,0.6,1.0,19.7,0.4,0.0,10.6,0.95,1.0,25.7,0.05,0.0
105,5,5,0,1,2,0.1,0.6,0.0,19.7,0.4,1.0,10.6,0.95,0.0,25.7,0.05,1.0
106,6,5,0,1,2,0.1,0.6,1.0,19.7,0.4,0.0,10.6,0.95,1.0,25.7,0.05,0.0
107,7,5,0,1,2,0.1,0.6,1.0,19.7,0.4,0.0,10.6,0.95,1.0,25.7,0.05,0.0
108,8,5,0,1,2,0.1,0.6,1.0,19.7,0.4,0.0,10.6,0.95,1.0,25.7,0.05,0.0
109,9,5,0,0,2,0.1,0.6,0.0,19.7,0.4,1.0,10.6,0.95,1.0,25.7,0.05,0.0
110,10,5,0,0,2,0.1,0.6,0.0,19.7,0.4,1.0,10.6,0.95,1.0,25.7,0.05,0.0
111,11,5,0,0,2,0.1,0.6,0.0,19.7,0.4,1.0,10.6,0.95,1.0,25.7,0.05,0.0
112,12,5,0,0,2,0.1,0.6,0.0,19.7,0.4,1.0,10.6,0.95,1.0,25.7,0.05,0.0
113,13,5,0,1,2,0.1,0.6,1.0,19.7,0.4,0.0,10.6,0.95,0.0,25.7,0.05,1.0
114,14,5,0,0,2,0.1,0.6,0.0,19.7,0.4,1.0,10.6,0.95,1.0,25.7,0.05,0.0
115,15,5,0,1,2,0.1,0.6,1.0,19.7,0.4,0.0,10.6,0.95,1.0,25.7,0.05,0.0
116,16,5,0,0,2,0.1,0.6,0.0,19.7,0.4,1.0,10.6,0.95,1.0,25.7,0.05,0.0
117,17,5,0,0,2,0.1,0.6,0.0,19.7,0.4,1.0,10.6,0.95,1.0,25.7,0.05,0.0
118,18,5,0,1,2,0.1,0.6,1.0,19.7,0.4,0.0,10.6,0.95,1.0,25.7,0.05,0.0
119,19,5,0,1,2,0.1,0.6,1.0,19.7,0.4,0.0,10.6,0.95,1.0,25.7,0.05,0.0
120,0,6,0,1,2,1.1,0.59,0.0,17.9,0.41,1.0,23.5,0.08,1.0,10.6,0.92,0.0
121,1,6,0,0,5,1.1,0.59,0.0,17.9,0.41,1.0,23.5,0.08,0.0,10.6,0.92,1.0
122,2,6,0,1,6,1.1,0.59,0.0,17.9,0.41,1.0,23.5,0.08,0.0,10.6,0.92,1.0
123,3,6,0,1,2,1.1,0.59,1.0,17.9,0.41,0.0,23.5,0.08,0.0,10.6,0.92,1.0
124,4,6,0,1,3,1.1,0.59,0.5,17.9,0.41,0.5,23.5,0.08,0.0,10.6,0.92,1.0
125,5,6,0,0,5,1.1,0.59,0.0,17.9,0.41,1.0,23.5,0.08,0.0,10.6,0.92,1.0
126,6,6,0,1,2,1.1,0.59,1.0,17.9,0.41,0.0,23.5,0.08,0.0,10.6,0.92,1.0
127,7,6,0,1,2,1.1,0.59,1.0,17.9,0.41,0.0,23.5,0.08,0.0,10.6,0.92,1.0
128,8,6,0,1,2,1.1,0.59,1.0,17.9,0.41,0.0,23.5,0.08,0.0,10.6,0.92,1.0
129,9,6,0,1,2,1.1,0.59,1.0,17.9,0.41,0.0,23.5,0.08,0.0,10.6,0.92,1.0
130,10,6,0,0,5,1.1,0.59,0.0,17.9,0.41,1.0,23.5,0.08,0.0,10.6,0.92,1.0
131,11,6,0,1,2,1.1,0.59,1.0,17.9,0.41,0.0,23.5,0.08,0.0,10.6,0.92,1.0
132,12,6,0,1,2,1.1,0.59,1.0,17.9,0.41,0.0,23.5,0.08,1.0,10.6,0.92,0.0
133,13,6,0,1,2,1.1,0.59,1.0,17.9,0.41,0.0,23.5,0.08,0.0,10.6,0.92,1.0
134,14,6,0,1,6,1.1,0.59,0.0,17.9,0.41,1.0,23.5,0.08,0.0,10.6,0.92,1.0
135,15,6,0,1,6,1.1,0.59,0.0,17.9,0.41,1.0,23.5,0.08,0.0,10.6,0.92,1.0
136,16,6,0,1,2,1.1,0.59,1.0,17.9,0.41,0.0,23.5,0.08,0.0,10.6,0.92,1.0
137,17,6,0,1,2,1.1,0.59,1.0,17.9,0.41,0.0,23.5,0.08,0.0,10.6,0.92,1.0
138,18,6,0,1,2,1.1,0.59,1.0,17.9,0.41,0.0,23.5,0.08,1.0,10.6,0.92,0.0
139,19,6,0,1,2,1.1,0.59,1.0,17.9,0.41,0.0,23.5,0.08,1.0,10.6,0.92,0.0
140,0,7,0,1,2,7.6,0.94,1.0,22.8,0.06,0.0,20.2,0.45,1.0,5.9,0.55,0.0
141,1,7,0,1,5,7.6,0.94,1.0,22.8,0.06,0.0,20.2,0.45,0.0,5.9,0.55,1.0
142,2,7,0,1,2,7.6,0.94,1.0,22.8,0.06,0.0,20.2,0.45,1.0,5.9,0.55,0.0
143,3,7,0,1,2,7.6,0.94,1.0,22.8,0.06,0.0,20.2,0.45,1.0,5.9,0.55,0.0
144,4,7,0,1,3,7.6,0.94,1.0,22.8,0.06,0.0,20.2,0.45,0.0,5.9,0.55,1.0
145,5,7,0,1,4,7.6,0.94,1.0,22.8,0.06,0.0,20.2,0.45,0.333,5.9,0.55,0.667
146,6,7,0,1,2,7.6,0.94,1.0,22.8,0.06,0.0,20.2,0.45,1.0,5.9,0.55,0.0
147,7,7,0,1,2,7.6,0.94,1.0,22.8,0.06,0.0,20.2,0.45,1.0,5.9,0.55,0.0
148,8,7,0,0,2,7.6,0.94,0.0,22.8,0.06,1.0,20.2,0.45,0.0,5.9,0.55,1.0
149,9,7,0,1,3,7.6,0.94,1.0,22.8,0.06,0.0,20.2,0.45,0.0,5.9,0.55,1.0
150,10,7,0,1,3,7.6,0.94,1.0,22.8,0.06,0.0,20.2,0.45,0.5,5.9,0.55,0.5
151,11,7,0,1,3,7.6,0.94,1.0,22.8,0.06,0.0,20.2,0.45,0.0,5.9,0.55,1.0
152,12,7,0,1,2,7.6,0.94,1.0,22.8,0.06,0.0,20.2,0.45,1.0,5.9,0.55,0.0
153,13,7,0,1,3,7.6,0.94,1.0,22.8,0.06,0.0,20.2,0.45,0.0,5.9,0.55,1.0
154,14,7,0,1,6,7.6,0.94,1.0,22.8,0.06,0.0,20.2,0.45,0.0,5.9,0.55,1.0
155,15,7,0,0,2,7.6,0.94,0.0,22.8,0.06,1.0,20.2,0.45,1.0,5.9,0.55,0.0
156,16,7,0,1,3,7.6,0.94,1.0,22.8,0.06,0.0,20.2,0.45,0.0,5.9,0.55,1.0
157,17,7,0,1,4,7.6,0.94,1.0,22.8,0.06,0.0,20.2,0.45,0.333,5.9,0.55,0.667
158,18,7,0,1,2,7.6,0.94,1.0,22.8,0.06,0.0,20.2,0.45,1.0,5.9,0.55,0.0
159,19,7,0,1,5,7.6,0.94,1.0,22.8,0.06,0.0,20.2,0.45,0.333,5.9,0.55,0.667
160,0,8,0,1,2,1.5,0.4,0.0,13.0,0.6,1.0,26.8,0.07,0.0,10.3,0.93,1.0
161,1,8,0,1,2,1.5,0.4,0.0,13.0,0.6,1.0,26.8,0.07,0.0,10.3,0.93,1.0
162,2,8,0,1,2,1.5,0.4,1.0,13.0,0.6,0.0,26.8,0.07,0.0,10.3,0.93,1.0
163,3,8,0,1,2,1.5,0.4,0.0,13.0,0.6,1.0,26.8,0.07,0.0,10.3,0.93,1.0
164,4,8,0,1,2,1.5,0.4,1.0,13.0,0.6,0.0,26.8,0.07,0.0,10.3,0.93,1.0
165,5,8,0,1,2,1.5,0.4,1.0,13.0,0.6,0.0,26.8,0.07,1.0,10.3,0.93,0.0
166,6,8,0,1,2,1.5,0.4,1.0,13.0,0.6,0.0,26.8,0.07,0.0,10.3,0.93,1.0
167,7,8,0,1,2,1.5,0.4,1.0,13.0,0.6,0.0,26.8,0.07,0.0,10.3,0.93,1.0
168,8,8,0,1,2,1.5,0.4,0.0,13.0,0.6,1.0,26.8,0.07,0.0,10.3,0.93,1.0
169,9,8,0,1,2,1.5,0.4,1.0,13.0,0.6,0.0,26.8,0.07,0.0,10.3,0.93,1.0
170,10,8,0,1,2,1.5,0.4,1.0,13.0,0.6,0.0,26.8,0.07,0.0,10.3,0.93,1.0
171,11,8,0,1,2,1.5,0.4,1.0,13.0,0.6,0.0,26.8,0.07,0.0,10.3,0.93,1.0
172,12,8,0,1,2,1.5,0.4,0.0,13.0,0.6,1.0,26.8,0.07,0.0,10.3,0.93,1.0
173,13,8,0,1,2,1.5,0.4,0.0,13.0,0.6,1.0,26.8,0.07,0.0,10.3,0.93,1.0
174,14,8,0,1,2,1.5,0.4,0.0,13.0,0.6,1.0,26.8,0.07,0.0,10.3,0.93,1.0
175,15,8,0,1,2,1.5,0.4,0.0,13.0,0.6,1.0,26.8,0.07,0.0,10.3,0.93,1.0
176,16,8,0,1,2,1.5,0.4,1.0,13.0,0.6,0.0,26.8,0.07,0.0,10.3,0.93,1.0
177,17,8,0,1,2,1.5,0.4,0.0,13.0,0.6,1.0,26.8,0.07,0.0,10.3,0.93,1.0
178,18,8,0,1,2,1.5,0.4,0.0,13.0,0.6,1.0,26.8,0.07,0.0,10.3,0.93,1.0
179,19,8,0,1,2,1.5,0.4,0.0,13.0,0.6,1.0,26.8,0.07,0.0,10.3,0.93,1.0
180,0,9,0,0,3,23.7,0.06,0.0,7.1,0.94,1.0,24.0,0.41,0.0,3.6,0.59,1.0
181,1,9,0,1,3,23.7,0.06,0.0,7.1,0.94,1.0,24.0,0.41,0.0,3.6,0.59,1.0
182,2,9,0,0,3,23.7,0.06,0.0,7.1,0.94,1.0,24.0,0.41,0.0,3.6,0.59,1.0
183,3,9,0,0,3,23.7,0.06,0.0,7.1,0.94,1.0,24.0,0.41,0.0,3.6,0.59,1.0
184,4,9,0,0,3,23.7,0.06,0.5,7.1,0.94,0.5,24.0,0.41,0.0,3.6,0.59,1.0
185,5,9,0,1,3,23.7,0.06,0.0,7.1,0.94,1.0,24.0,0.41,0.5,3.6,0.59,0.5
186,6,9,0,0,3,23.7,0.06,0.5,7.1,0.94,0.5,24.0,0.41,0.0,3.6,0.59,1.0
187,7,9,0,0,3,23.7,0.06,0.5,7.1,0.94,0.5,24.0,0.41,0.0,3.6,0.59,1.0
188,8,9,0,1,3,23.7,0.06,0.0,7.1,0.94,1.0,24.0,0.41,0.5,3.6,0.59,0.5
189,9,9,0,1,2,23.7,0.06,0.0,7.1,0.94,1.0,24.0,0.41,1.0,3.6,0.59,0.0
190,10,9,0,1,3,23.7,0.06,0.0,7.1,0.94,1.0,24.0,0.41,0.5,3.6,0.59,0.5
191,11,9,0,0,3,23.7,0.06,0.5,7.1,0.94,0.5,24.0,0.41,0.0,3.6,0.59,1.0
192,12,9,0,1,2,23.7,0.06,0.0,7.1,0.94,1.0,24.0,0.41,1.0,3.6,0.59,0.0
193,13,9,0,1,2,23.7,0.06,0.0,7.1,0.94,1.0,24.0,0.41,1.0,3.6,0.59,0.0
194,14,9,0,1,3,23.7,0.06,0.0,7.1,0.94,1.0,24.0,0.41,0.0,3.6,0.59,1.0
195,15,9,0,1,2,23.7,0.06,0.0,7.1,0.94,1.0,24.0,0.41,1.0,3.6,0.59,0.0
196,16,9,0,1,3,23.7,0.06,0.0,7.1,0.94,1.0,24.0,0.41,0.0,3.6,0.59,1.0
197,17,9,0,0,3,23.7,0.06,0.0,7.1,0.94,1.0,24.0,0.41,0.0,3.6,0.59,1.0
198,18,9,0,1,3,23.7,0.06,0.0,7.1,0.94,1.0,24.0,0.41,0.0,3.6,0.59,1.0
199,19,9,0,1,2,23.7,0.06,0.0,7.1,0.94,1.0,24.0,0.41,1.0,3.6,0.59,0.0
200,0,10,0,1,2,1.6,0.1,0.0,8.7,0.9,1.0,16.7,0.65,1.0,1.2,0.35,0.0
201,1,10,0,1,2,1.6,0.1,0.0,8.7,0.9,1.0,16.7,0.65,1.0,1.2,0.35,0.0
202,2,10,0,0,2,1.6,0.1,0.0,8.7,0.9,1.0,16.7,0.65,0.0,1.2,0.35,1.0
203,3,10,0,1,2,1.6,0.1,0.0,8.7,0.9,1.0,16.7,0.65,1.0,1.2,0.35,0.0
204,4,10,0,1,2,1.6,0.1,0.0,8.7,0.9,1.0,16.7,0.65,1.0,1.2,0.35,0.0
205,5,10,0,0,2,1.6,0.1,0.0,8.7,0.9,1.0,16.7,0.65,0.0,1.2,0.35,1.0
206,6,10,0,1,3,1.6,0.1,1.0,8.7,0.9,0.0,16.7,0.65,0.5,1.2,0.35,0.5
207,7,10,0,0,2,1.6,0.1,0.0,8.7,0.9,1.0,16.7,0.65,0.0,1.2,0.35,1.0
208,8,10,0,1,2,1.6,0.1,0.0,8.7,0.9,1.0,16.7,0.65,1.0,1.2,0.35,0.0
209,9,10,0,1,2,1.6,0.1,0.0,8.7,0.9,1.0,16.7,0.65,1.0,1.2,0.35,0.0
210,10,10,0,1,2,1.6,0.1,0.0,8.7,0.9,1.0,16.7,0.65,1.0,1.2,0.35,0.0
211,11,10,0,1,2,1.6,0.1,0.0,8.7,0.9,1.0,16.7,0.65,1.0,1.2,0.35,0.0
212,12,10,0,1,2,1.6,0.1,0.0,8.7,0.9,1.0,16.7,0.65,1.0,1.2,0.35,0.0
213,13,10,0,0,2,1.6,0.1,0.0,8.7,0.9,1.0,16.7,0.65,0.0,1.2,0.35,1.0
214,14,10,0,1,2,1.6,0.1,0.0,8.7,0.9,1.0,16.7,0.65,1.0,1.2,0.35,0.0
215,15,10,0,0,2,1.6,0.1,0.0,8.7,0.9,1.0,16.7,0.65,0.0,1.2,0.35,1.0
216,16,10,0,0,2,1.6,0.1,0.0,8.7,0.9,1.0,16.7,0.65,0.0,1.2,0.35,1.0
217,17,10,0,1,2,1.6,0.1,0.0,8.7,0.9,1.0,16.7,0.65,1.0,1.2,0.35,0.0
218,18,10,0,1,2,1.6,0.1,0.0,8.7,0.9,1.0,16.7,0.65,1.0,1.2,0.35,0.0
219,19,10,0,1,2,1.6,0.1,0.0,8.7,0.9,1.0,16.7,0.65,1.0,1.2,0.35,0.0
220,0,11,0,1,2,0.4,0.08,0.0,8.4,0.92,1.0,8.6,0.39,0.0,13.1,0.61,1.0
221,1,11,0,1,2,0.4,0.08,0.0,8.4,0.92,1.0,8.6,0.39,1.0,13.1,0.61,0.0
222,2,11,0,1,2,0.4,0.08,0.0,8.4,0.92,1.0,8.6,0.39,0.0,13.1,0.61,1.0
223,3,11,0,1,2,0.4,0.08,0.0,8.4,0.92,1.0,8.6,0.39,1.0,13.1,0.61,0.0
224,4,11,0,1,2,0.4,0.08,0.0,8.4,0.92,1.0,8.6,0.39,1.0,13.1,0.61,0.0
225,5,11,0,1,2,0.4,0.08,0.0,8.4,0.92,1.0,8.6,0.39,0.0,13.1,0.61,1.0
226,6,11,0,1,2,0.4,0.08,0.0,8.4,0.92,1.0,8.6,0.39,0.0,13.1,0.61,1.0
227,7,11,0,1,2,0.4,0.08,0.0,8.4,0.92,1.0,8.6,0.39,1.0,13.1,0.61,0.0
228,8,11,0,1,2,0.4,0.08,0.0,8.4,0.92,1.0,8.6,0.39,1.0,13.1,0.61,0.0
229,9,11,0,1,2,0.4,0.08,0.0,8.4,0.92,1.0,8.6,0.39,0.0,13.1,0.61,1.0
230,10,11,0,1,2,0.4,0.08,0.0,8.4,0.92,1.0,8.6,0.39,1.0,13.1,0.61,0.0
231,11,11,0,1,2,0.4,0.08,0.0,8.4,0.92,1.0,8.6,0.39,1.0,13.1,0.61,0.0
232,12,11,0,1,2,0.4,0.08,0.0,8.4,0.92,1.0,8.6,0.39,1.0,13.1,0.61,0.0
233,13,11,0,1,2,0.4,0.08,0.0,8.4,0.92,1.0,8.6,0.39,1.0,13.1,0.61,0.0
234,14,11,0,1,2,0.4,0.08,0.0,8.4,0.92,1.0,8.6,0.39,0.0,13.1,0.61,1.0
235,15,11,0,1,2,0.4,0.08,0.0,8.4,0.92,1.0,8.6,0.39,0.0,13.1,0.61,1.0
236,16,11,0,1,2,0.4,0.08,0.0,8.4,0.92,1.0,8.6,0.39,1.0,13.1,0.61,0.0
237,17,11,0,1,2,0.4,0.08,0.0,8.4,0.92,1.0,8.6,0.39,1.0,13.1,0.61,0.0
238,18,11,0,1,2,0.4,0.08,0.0,8.4,0.92,1.0,8.6,0.39,0.0,13.1,0.61,1.0
239,19,11,0,1,2,0.4,0.08,0.0,8.4,0.92,1.0,8.6,0.39,0.0,13.1,0.61,1.0
240,0,12,0,1,4,9.3,0.95,1.0,0.1,0.05,0.0,3.5,0.6,0.5,24.4,0.4,0.5
241,1,12,0,1,2,9.3,0.95,1.0,0.1,0.05,0.0,3.5,0.6,0.0,24.4,0.4,1.0
242,2,12,0,1,2,9.3,0.95,1.0,0.1,0.05,0.0,3.5,0.6,0.0,24.4,0.4,1.0
243,3,12,0,0,5,9.3,0.95,1.0,0.1,0.05,0.0,3.5,0.6,1.0,24.4,0.4,0.0
244,4,12,0,1,2,9.3,0.95,1.0,0.1,0.05,0.0,3.5,0.6,0.0,24.4,0.4,1.0
245,5,12,0,1,4,9.3,0.95,1.0,0.1,0.05,0.0,3.5,0.6,0.5,24.4,0.4,0.5
246,6,12,0,1,4,9.3,0.95,1.0,0.1,0.05,0.0,3.5,0.6,1.0,24.4,0.4,0.0
247,7,12,0,0,3,9.3,0.95,1.0,0.1,0.05,0.0,3.5,0.6,1.0,24.4,0.4,0.0
248,8,12,0,0,3,9.3,0.95,1.0,0.1,0.05,0.0,3.5,0.6,1.0,24.4,0.4,0.0
249,9,12,0,0,3,9.3,0.95,1.0,0.1,0.05,0.0,3.5,0.6,1.0,24.4,0.4,0.0
250,10,12,0,1,4,9.3,0.95,1.0,0.1,0.05,0.0,3.5,0.6,0.5,24.4,0.4,0.5
251,11,12,0,1,5,9.3,0.95,0.667,0.1,0.05,0.333,3.5,0.6,1.0,24.4,0.4,0.0
252,12,12,0,0,3,9.3,0.95,1.0,0.1,0.05,0.0,3.5,0.6,1.0,24.4,0.4,0.0
253,13,12,0,1,4,9.3,0.95,1.0,0.1,0.05,0.0,3.5,0.6,0.5,24.4,0.4,0.5
254,14,12,0,1,2,9.3,0.95,1.0,0.1,0.05,0.0,3.5,0.6,0.0,24.4,0.4,1.0
255,15,12,0,0,3,9.3,0.95,1.0,0.1,0.05,0.0,3.5,0.6,1.0,24.4,0.4,0.0
256,16,12,0,1,2,9.3,0.95,1.0,0.1,0.05,0.0,3.5,0.6,0.0,24.4,0.4,1.0
257,17,12,0,0,3,9.3,0.95,1.0,0.1,0.05,0.0,3.5,0.6,1.0,24.4,0.4,0.0
258,18,12,0,1,2,9.3,0.95,1.0,0.1,0.05,0.0,3.5,0.6,0.0,24.4,0.4,1.0
259,19,12,0,1,2,9.3,0.95,1.0,0.1,0.05,0.0,3.5,0.6,0.0,24.4,0.4,1.0
260,0,13,0,1,2,10.0,0.43,0.0,7.2,0.57,1.0,6.1,0.09,0.0,12.7,0.91,1.0
261,1,13,0,1,2,10.0,0.43,1.0,7.2,0.57,0.0,6.1,0.09,0.0,12.7,0.91,1.0
262,2,13,0,1,2,10.0,0.43,1.0,7.2,0.57,0.0,6.1,0.09,0.0,12.7,0.91,1.0
263,3,13,0,1,2,10.0,0.43,1.0,7.2,0.57,0.0,6.1,0.09,0.0,12.7,0.91,1.0
264,4,13,0,1,2,10.0,0.43,0.0,7.2,0.57,1.0,6.1,0.09,0.0,12.7,0.91,1.0
265,5,13,0,1,2,10.0,0.43,1.0,7.2,0.57,0.0,6.1,0.09,1.0,12.7,0.91,0.0
266,6,13,0,1,2,10.0,0.43,1.0,7.2,0.57,0.0,6.1,0.09,0.0,12.7,0.91,1.0
267,7,13,0,1,2,10.0,0.43,1.0,7.2,0.57,0.0,6.1,0.09,0.0,12.7,0.91,1.0
268,8,13,0,1,2,10.0,0.43,0.0,7.2,0.57,1.0,6.1,0.09,0.0,12.7,0.91,1.0
269,9,13,0,1,2,10.0,0.43,1.0,7.2,0.57,0.0,6.1,0.09,0.0,12.7,0.91,1.0
270,10,13,0,1,2,10.0,0.43,1.0,7.2,0.57,0.0,6.1,0.09,0.0,12.7,0.91,1.0
271,11,13,0,1,2,10.0,0.43,0.0,7.2,0.57,1.0,6.1,0.09,0.0,12.7,0.91,1.0
272,12,13,0,1,2,10.0,0.43,1.0,7.2,0.57,0.0,6.1,0.09,0.0,12.7,0.91,1.0
273,13,13,0,1,2,10.0,0.43,0.0,7.2,0.57,1.0,6.1,0.09,0.0,12.7,0.91,1.0
274,14,13,0,1,2,10.0,0.43,0.0,7.2,0.57,1.0,6.1,0.09,0.0,12.7,0.91,1.0
275,15,13,0,1,2,10.0,0.43,1.0,7.2,0.57,0.0,6.1,0.09,1.0,12.7,0.91,0.0
276,16,13,0,1,2,10.0,0.43,1.0,7.2,0.57,0.0,6.1,0.09,0.0,12.7,0.91,1.0
277,17,13,0,1,2,10.0,0.43,0.0,7.2,0.57,1.0,6.1,0.09,0.0,12.7,0.91,1.0
278,18,13,0,1,2,10.0,0.43,0.0,7.2,0.57,1.0,6.1,0.09,0.0,12.7,0.91,1.0
279,19,13,0,1,2,10.0,0.43,0.0,7.2,0.57,1.0,6.1,0.09,1.0,12.7,0.91,0.0
280,0,14,0,1,2,8.8,0.92,1.0,1.7,0.08,0.0,9.8,0.47,1.0,13.7,0.53,0.0
281,1,14,0,1,2,8.8,0.92,1.0,1.7,0.08,0.0,9.8,0.47,1.0,13.7,0.53,0.0
282,2,14,0,1,2,8.8,0.92,1.0,1.7,0.08,0.0,9.8,0.47,1.0,13.7,0.53,0.0
283,3,14,0,1,2,8.8,0.92,1.0,1.7,0.08,0.0,9.8,0.47,1.0,13.7,0.53,0.0
284,4,14,0,1,2,8.8,0.92,1.0,1.7,0.08,0.0,9.8,0.47,1.0,13.7,0.53,0.0
285,5,14,0,1,2,8.8,0.92,1.0,1.7,0.08,0.0,9.8,0.47,0.0,13.7,0.53,1.0
286,6,14,0,1,2,8.8,0.92,1.0,1.7,0.08,0.0,9.8,0.47,1.0,13.7,0.53,0.0
287,7,14,0,1,2,8.8,0.92,1.0,1.7,0.08,0.0,9.8,0.47,0.0,13.7,0.53,1.0
288,8,14,0,1,2,8.8,0.92,1.0,1.7,0.08,0.0,9.8,0.47,1.0,13.7,0.53,0.0
289,9,14,0,1,2,8.8,0.92,1.0,1.7,0.08,0.0,9.8,0.47,1.0,13.7,0.53,0.0
290,10,14,0,1,2,8.8,0.92,1.0,1.7,0.08,0.0,9.8,0.47,0.0,13.7,0.53,1.0
291,11,14,0,1,2,8.8,0.92,1.0,1.7,0.08,0.0,9.8,0.47,0.0,13.7,0.53,1.0
292,12,14,0,1,2,8.8,0.92,1.0,1.7,0.08,0.0,9.8,0.47,1.0,13.7,0.53,0.0
293,13,14,0,1,2,8.8,0.92,1.0,1.7,0.08,0.0,9.8,0.47,0.0,13.7,0.53,1.0
294,14,14,0,1,2,8.8,0.92,1.0,1.7,0.08,0.0,9.8,0.47,0.0,13.7,0.53,1.0
295,15,14,0,1,2,8.8,0.92,1.0,1.7,0.08,0.0,9.8,0.47,1.0,13.7,0.53,0.0
296,16,14,0,1,2,8.8,0.92,1.0,1.7,0.08,0.0,9.8,0.47,1.0,13.7,0.53,0.0
297,17,14,0,1,2,8.8,0.92,1.0,1.7,0.08,0.0,9.8,0.47,1.0,13.7,0.53,0.0
298,18,14,0,1,2,8.8,0.92,1.0,1.7,0.08,0.0,9.8,0.47,0.0,13.7,0.53,1.0
299,19,14,0,1,2,8.8,0.92,1.0,1.7,0.08,0.0,9.8,0.47,0.0,13.7,0.53,1.0
300,0,15,0,1,2,9.0,0.54,0.0,7.3,0.46,1.0,12.3,0.93,1.0,0.7,0.07,0.0
301,1,15,0,1,2,9.0,0.54,1.0,7.3,0.46,0.0,12.3,0.93,1.0,0.7,0.07,0.0
302,2,15,0,1,2,9.0,0.54,1.0,7.3,0.46,0.0,12.3,0.93,1.0,0.7,0.07,0.0
303,3,15,0,1,2,9.0,0.54,0.0,7.3,0.46,1.0,12.3,0.93,1.0,0.7,0.07,0.0
304,4,15,0,1,2,9.0,0.54,0.0,7.3,0.46,1.0,12.3,0.93,1.0,0.7,0.07,0.0
305,5,15,0,1,2,9.0,0.54,1.0,7.3,0.46,0.0,12.3,0.93,1.0,0.7,0.07,0.0
306,6,15,0,1,2,9.0,0.54,1.0,7.3,0.46,0.0,12.3,0.93,1.0,0.7,0.07,0.0
307,7,15,0,1,2,9.0,0.54,1.0,7.3,0.46,0.0,12.3,0.93,1.0,0.7,0.07,0.0
308,8,15,0,1,2,9.0,0.54,0.0,7.3,0.46,1.0,12.3,0.93,1.0,0.7,0.07,0.0
309,9,15,0,1,2,9.0,0.54,1.0,7.3,0.46,0.0,12.3,0.93,1.0,0.7,0.07,0.0
310,10,15,0,0,2,9.0,0.54,1.0,7.3,0.46,0.0,12.3,0.93,0.0,0.7,0.07,1.0
311,11,15,0,1,2,9.0,0.54,1.0,7.3,0.46,0.0,12.3,0.93,1.0,0.7,0.07,0.0
312,12,15,0,1,2,9.0,0.54,1.0,7.3,0.46,0.0,12.3,0.93,1.0,0.7,0.07,0.0
313,13,15,0,1,2,9.0,0.54,0.0,7.3,0.46,1.0,12.3,0.93,1.0,0.7,0.07,0.0
314,14,15,0,1,2,9.0,0.54,0.0,7.3,0.46,1.0,12.3,0.93,1.0,0.7,0.07,0.0
315,15,15,0,1,2,9.0,0.54,1.0,7.3,0.46,0.0,12.3,0.93,1.0,0.7,0.07,0.0
316,16,15,0,1,2,9.0,0.54,0.0,7.3,0.46,1.0,12.3,0.93,1.0,0.7,0.07,0.0
317,17,15,0,1,2,9.0,0.54,1.0,7.3,0.46,0.0,12.3,0.93,1.0,0.7,0.07,0.0
318,18,15,0,1,2,9.0,0.54,0.0,7.3,0.46,1.0,12.3,0.93,1.0,0.7,0.07,0.0
319,19,15,0,1,2,9.0,0.54,1.0,7.3,0.46,0.0,12.3,0.93,1.0,0.7,0.07,0.0
320,0,16,0,0,3,16.0,0.44,1.0,2.3,0.56,0.0,12.5,0.95,1.0,6.1,0.05,0.0
321,1,16,0,0,3,16.0,0.44,1.0,2.3,0.56,0.0,12.5,0.95,1.0,6.1,0.05,0.0
322,2,16,0,1,2,16.0,0.44,0.0,2.3,0.56,1.0,12.5,0.95,1.0,6.1,0.05,0.0
323,3,16,0,1,2,16.0,0.44,0.0,2.3,0.56,1.0,12.5,0.95,1.0,6.1,0.05,0.0
324,4,16,0,0,3,16.0,0.44,1.0,2.3,0.56,0.0,12.5,0.95,1.0,6.1,0.05,0.0
325,5,16,0,1,2,16.0,0.44,0.0,2.3,0.56,1.0,12.5,0.95,1.0,6.1,0.05,0.0
326,6,16,0,1,3,16.0,0.44,0.5,2.3,0.56,0.5,12.5,0.95,1.0,6.1,0.05,0.0
327,7,16,0,1,2,16.0,0.44,1.0,2.3,0.56,0.0,12.5,0.95,0.0,6.1,0.05,1.0
328,8,16,0,1,2,16.0,0.44,0.0,2.3,0.56,1.0,12.5,0.95,1.0,6.1,0.05,0.0
329,9,16,0,1,2,16.0,0.44,0.0,2.3,0.56,1.0,12.5,0.95,1.0,6.1,0.05,0.0
330,10,16,0,1,2,16.0,0.44,0.0,2.3,0.56,1.0,12.5,0.95,1.0,6.1,0.05,0.0
331,11,16,0,1,2,16.0,0.44,0.0,2.3,0.56,1.0,12.5,0.95,1.0,6.1,0.05,0.0
332,12,16,0,1,2,16.0,0.44,0.0,2.3,0.56,1.0,12.5,0.95,1.0,6.1,0.05,0.0
333,13,16,0,1,2,16.0,0.44,0.0,2.3,0.56,1.0,12.5,0.95,1.0,6.1,0.05,0.0
334,14,16,0,1,6,16.0,0.44,1.0,2.3,0.56,0.0,12.5,0.95,0.75,6.1,0.05,0.25
335,15,16,0,1,2,16.0,0.44,0.0,2.3,0.56,1.0,12.5,0.95,1.0,6.1,0.05,0.0
336,16,16,0,1,2,16.0,0.44,0.0,2.3,0.56,1.0,12.5,0.95,1.0,6.1,0.05,0.0
337,17,16,0,1,2,16.0,0.44,0.0,2.3,0.56,1.0,12.5,0.95,1.0,6.1,0.05,0.0
338,18,16,0,1,2,16.0,0.44,0.0,2.3,0.56,1.0,12.5,0.95,1.0,6.1,0.05,0.0
339,19,16,0,1,2,16.0,0.44,0.0,2.3,0.56,1.0,12.5,0.95,1.0,6.1,0.05,0.0
340,0,17,0,1,2,0.1,0.39,1.0,12.7,0.61,0.0,12.5,0.91,1.0,1.5,0.09,0.0
341,1,17,0,1,2,0.1,0.39,0.0,12.7,0.61,1.0,12.5,0.91,1.0,1.5,0.09,0.0
342,2,17,0,1,2,0.1,0.39,1.0,12.7,0.61,0.0,12.5,0.91,1.0,1.5,0.09,0.0
343,3,17,0,1,2,0.1,0.39,1.0,12.7,0.61,0.0,12.5,0.91,1.0,1.5,0.09,0.0
344,4,17,0,1,2,0.1,0.39,1.0,12.7,0.61,0.0,12.5,0.91,1.0,1.5,0.09,0.0
345,5,17,0,1,2,0.1,0.39,1.0,12.7,0.61,0.0,12.5,0.91,1.0,1.5,0.09,0.0
346,6,17,0,1,2,0.1,0.39,0.0,12.7,0.61,1.0,12.5,0.91,1.0,1.5,0.09,0.0
347,7,17,0,1,2,0.1,0.39,1.0,12.7,0.61,0.0,12.5,0.91,1.0,1.5,0.09,0.0
348,8,17,0,0,2,0.1,0.39,0.0,12.7,0.61,1.0,12.5,0.91,0.0,1.5,0.09,1.0
349,9,17,0,1,2,0.1,0.39,0.0,12.7,0.61,1.0,12.5,0.91,1.0,1.5,0.09,0.0
350,10,17,0,1,2,0.1,0.39,1.0,12.7,0.61,0.0,12.5,0.91,1.0,1.5,0.09,0.0
351,11,17,0,1,2,0.1,0.39,1.0,12.7,0.61,0.0,12.5,0.91,1.0,1.5,0.09,0.0
352,12,17,0,1,2,0.1,0.39,0.0,12.7,0.61,1.0,12.5,0.91,1.0,1.5,0.09,0.0
353,13,17,0,1,2,0.1,0.39,0.0,12.7,0.61,1.0,12.5,0.91,1.0,1.5,0.09,0.0
354,14,17,0,1,2,0.1,0.39,1.0,12.7,0.61,0.0,12.5,0.91,1.0,1.5,0.09,0.0
355,15,17,0,1,2,0.1,0.39,1.0,12.7,0.61,0.0,12.5,0.91,1.0,1.5,0.09,0.0
356,16,17,0,1,2,0.1,0.39,0.0,12.7,0.61,1.0,12.5,0.91,1.0,1.5,0.09,0.0
357,17,17,0,1,2,0.1,0.39,1.0,12.7,0.61,0.0,12.5,0.91,1.0,1.5,0.09,0.0
358,18,17,0,1,2,0.1,0.39,1.0,12.7,0.61,0.0,12.5,0.91,1.0,1.5,0.09,0.0
359,19,17,0,1,2,0.1,0.39,0.0,12.7,0.61,1.0,12.5,0.91,1.0,1.5,0.09,0.0
360,0,18,0,1,2,2.3,0.39,1.0,12.2,0.61,0.0,3.7,0.06,0.0,12.2,0.94,1.0
361,1,18,0,1,2,2.3,0.39,0.0,12.2,0.61,1.0,3.7,0.06,0.0,12.2,0.94,1.0
362,2,18,0,1,2,2.3,0.39,0.0,12.2,0.61,1.0,3.7,0.06,0.0,12.2,0.94,1.0
363,3,18,0,1,2,2.3,0.39,0.0,12.2,0.61,1.0,3.7,0.06,0.0,12.2,0.94,1.0
364,4,18,0,1,2,2.3,0.39,1.0,12.2,0.61,0.0,3.7,0.06,0.0,12.2,0.94,1.0
365,5,18,0,1,2,2.3,0.39,0.0,12.2,0.61,1.0,3.7,0.06,0.0,12.2,0.94,1.0
366,6,18,0,1,2,2.3,0.39,0.0,12.2,0.61,1.0,3.7,0.06,0.0,12.2,0.94,1.0
367,7,18,0,1,2,2.3,0.39,1.0,12.2,0.61,0.0,3.7,0.06,0.0,12.2,0.94,1.0
368,8,18,0,1,2,2.3,0.39,0.0,12.2,0.61,1.0,3.7,0.06,0.0,12.2,0.94,1.0
369,9,18,0,1,2,2.3,0.39,0.0,12.2,0.61,1.0,3.7,0.06,0.0,12.2,0.94,1.0
370,10,18,0,1,2,2.3,0.39,1.0,12.2,0.61,0.0,3.7,0.06,0.0,12.2,0.94,1.0
371,11,18,0,1,2,2.3,0.39,1.0,12.2,0.61,0.0,3.7,0.06,0.0,12.2,0.94,1.0
372,12,18,0,1,2,2.3,0.39,0.0,12.2,0.61,1.0,3.7,0.06,0.0,12.2,0.94,1.0
373,13,18,0,1,2,2.3,0.39,0.0,12.2,0.61,1.0,3.7,0.06,0.0,12.2,0.94,1.0
374,14,18,0,1,2,2.3,0.39,1.0,12.2,0.61,0.0,3.7,0.06,0.0,12.2,0.94,1.0
375,15,18,0,1,2,2.3,0.39,1.0,12.2,0.61,0.0,3.7,0.06,0.0,12.2,0.94,1.0
376,16,18,0,1,2,2.3,0.39,1.0,12.2,0.61,0.0,3.7,0.06,0.0,12.2,0.94,1.0
377,17,18,0,1,2,2.3,0.39,1.0,12.2,0.61,0.0,3.7,0.06,0.0,12.2,0.94,1.0
378,18,18,0,1,2,2.3,0.39,1.0,12.2,0.61,0.0,3.7,0.06,0.0,12.2,0.94,1.0
379,19,18,0,1,2,2.3,0.39,0.0,12.2,0.61,1.0,3.7,0.06,0.0,12.2,0.94,1.0
380,0,19,0,1,2,1.7,0.06,0.0,8.4,0.94,1.0,10.3,0.48,1.0,13.0,0.52,0.0
381,1,19,0,1,2,1.7,0.06,0.0,8.4,0.94,1.0,10.3,0.48,0.0,13.0,0.52,1.0
382,2,19,0,1,2,1.7,0.06,0.0,8.4,0.94,1.0,10.3,0.48,0.0,13.0,0.52,1.0
383,3,19,0,1,2,1.7,0.06,0.0,8.4,0.94,1.0,10.3,0.48,0.0,13.0,0.52,1.0
384,4,19,0,1,2,1.7,0.06,0.0,8.4,0.94,1.0,10.3,0.48,1.0,13.0,0.52,0.0
385,5,19,0,1,2,1.7,0.06,0.0,8.4,0.94,1.0,10.3,0.48,1.0,13.0,0.52,0.0
386,6,19,0,1,2,1.7,0.06,0.0,8.4,0.94,1.0,10.3,0.48,0.0,13.0,0.52,1.0
387,7,19,0,1,2,1.7,0.06,0.0,8.4,0.94,1.0,10.3,0.48,0.0,13.0,0.52,1.0
388,8,19,0,1,2,1.7,0.06,0.0,8.4,0.94,1.0,10.3,0.48,0.0,13.0,0.52,1.0
389,9,19,0,1,2,1.7,0.06,0.0,8.4,0.94,1.0,10.3,0.48,0.0,13.0,0.52,1.0
390,10,19,0,1,2,1.7,0.06,0.0,8.4,0.94,1.0,10.3,0.48,1.0,13.0,0.52,0.0
391,11,19,0,1,2,1.7,0.06,0.0,8.4,0.94,1.0,10.3,0.48,1.0,13.0,0.52,0.0
392,12,19,0,1,2,1.7,0.06,0.0,8.4,0.94,1.0,10.3,0.48,1.0,13.0,0.52,0.0
393,13,19,0,1,2,1.7,0.06,0.0,8.4,0.94,1.0,10.3,0.48,0.0,13.0,0.52,1.0
394,14,19,0,1,2,1.7,0.06,0.0,8.4,0.94,1.0,10.3,0.48,0.0,13.0,0.52,1.0
395,15,19,0,1,2,1.7,0.06,0.0,8.4,0.94,1.0,10.3,0.48,1.0,13.0,0.52,0.0
396,16,19,0,1,2,1.7,0.06,0.0,8.4,0.94,1.0,10.3,0.48,0.0,13.0,0.52,1.0
397,17,19,0,1,2,1.7,0.06,1.0,8.4,0.94,0.0,10.3,0.48,0.0,13.0,0.52,1.0
398,18,19,0,1,2,1.7,0.06,0.0,8.4,0.94,1.0,10.3,0.48,1.0,13.0,0.52,0.0
399,19,19,0,1,2,1.7,0.06,0.0,8.4,0.94,1.0,10.3,0.48,1.0,13.0,0.52,0.0
400,0,20,0,1,2,18.2,0.4,0.0,1.7,0.6,1.0,6.1,0.39,0.0,15.0,0.61,1.0
401,1,20,0,1,2,18.2,0.4,0.0,1.7,0.6,1.0,6.1,0.39,0.0,15.0,0.61,1.0
402,2,20,0,1,2,18.2,0.4,0.0,1.7,0.6,1.0,6.1,0.39,1.0,15.0,0.61,0.0
403,3,20,0,1,2,18.2,0.4,0.0,1.7,0.6,1.0,6.1,0.39,1.0,15.0,0.61,0.0
404,4,20,0,0,3,18.2,0.4,1.0,1.7,0.6,0.0,6.1,0.39,0.0,15.0,0.61,1.0
405,5,20,0,1,2,18.2,0.4,0.0,1.7,0.6,1.0,6.1,0.39,0.0,15.0,0.61,1.0
406,6,20,0,1,2,18.2,0.4,0.0,1.7,0.6,1.0,6.1,0.39,1.0,15.0,0.61,0.0
407,7,20,0,1,3,18.2,0.4,0.5,1.7,0.6,0.5,6.1,0.39,0.0,15.0,0.61,1.0
408,8,20,0,0,2,18.2,0.4,1.0,1.7,0.6,0.0,6.1,0.39,1.0,15.0,0.61,0.0
409,9,20,0,1,3,18.2,0.4,0.5,1.7,0.6,0.5,6.1,0.39,0.0,15.0,0.61,1.0
410,10,20,0,1,2,18.2,0.4,0.0,1.7,0.6,1.0,6.1,0.39,1.0,15.0,0.61,0.0
411,11,20,0,1,2,18.2,0.4,0.0,1.7,0.6,1.0,6.1,0.39,0.0,15.0,0.61,1.0
412,12,20,0,1,2,18.2,0.4,0.0,1.7,0.6,1.0,6.1,0.39,1.0,15.0,0.61,0.0
413,13,20,0,0,3,18.2,0.4,1.0,1.7,0.6,0.0,6.1,0.39,0.0,15.0,0.61,1.0
414,14,20,0,1,4,18.2,0.4,0.5,1.7,0.6,0.5,6.1,0.39,0.5,15.0,0.61,0.5
415,15,20,0,1,2,18.2,0.4,0.0,1.7,0.6,1.0,6.1,0.39,1.0,15.0,0.61,0.0
416,16,20,0,0,3,18.2,0.4,1.0,1.7,0.6,0.0,6.1,0.39,0.0,15.0,0.61,1.0
417,17,20,0,0,4,18.2,0.4,1.0,1.7,0.6,0.0,6.1,0.39,0.0,15.0,0.61,1.0
418,18,20,0,1,3,18.2,0.4,0.5,1.7,0.6,0.5,6.1,0.39,0.0,15.0,0.61,1.0
419,19,20,0,1,2,18.2,0.4,0.0,1.7,0.6,1.0,6.1,0.39,1.0,15.0,0.61,0.0
420,0,21,0,1,2,0.6,0.47,1.0,15.6,0.53,0.0,2.4,0.36,1.0,18.0,0.64,0.0
421,1,21,0,1,2,0.6,0.47,1.0,15.6,0.53,0.0,2.4,0.36,1.0,18.0,0.64,0.0
422,2,21,0,1,2,0.6,0.47,1.0,15.6,0.53,0.0,2.4,0.36,0.0,18.0,0.64,1.0
423,3,21,0,1,2,0.6,0.47,1.0,15.6,0.53,0.0,2.4,0.36,0.0,18.0,0.64,1.0
424,4,21,0,1,2,0.6,0.47,0.0,15.6,0.53,1.0,2.4,0.36,0.0,18.0,0.64,1.0
425,5,21,0,1,2,0.6,0.47,0.0,15.6,0.53,1.0,2.4,0.36,0.0,18.0,0.64,1.0
426,6,21,0,0,2,0.6,0.47,0.0,15.6,0.53,1.0,2.4,0.36,1.0,18.0,0.64,0.0
427,7,21,0,1,2,0.6,0.47,0.0,15.6,0.53,1.0,2.4,0.36,0.0,18.0,0.64,1.0
428,8,21,0,1,2,0.6,0.47,1.0,15.6,0.53,0.0,2.4,0.36,0.0,18.0,0.64,1.0
429,9,21,0,0,2,0.6,0.47,0.0,15.6,0.53,1.0,2.4,0.36,1.0,18.0,0.64,0.0
430,10,21,0,1,2,0.6,0.47,1.0,15.6,0.53,0.0,2.4,0.36,0.0,18.0,0.64,1.0
431,11,21,0,1,2,0.6,0.47,1.0,15.6,0.53,0.0,2.4,0.36,0.0,18.0,0.64,1.0
432,12,21,0,1,2,0.6,0.47,1.0,15.6,0.53,0.0,2.4,0.36,0.0,18.0,0.64,1.0
433,13,21,0,1,2,0.6,0.47,1.0,15.6,0.53,0.0,2.4,0.36,0.0,18.0,0.64,1.0
434,14,21,0,1,2,0.6,0.47,0.0,15.6,0.53,1.0,2.4,0.36,0.0,18.0,0.64,1.0
435,15,21,0,1,2,0.6,0.47,0.0,15.6,0.53,1.0,2.4,0.36,0.0,18.0,0.64,1.0
436,16,21,0,1,2,0.6,0.47,0.0,15.6,0.53,1.0,2.4,0.36,0.0,18.0,0.64,1.0
437,17,21,0,0,2,0.6,0.47,0.0,15.6,0.53,1.0,2.4,0.36,1.0,18.0,0.64,0.0
438,18,21,0,1,2,0.6,0.47,0.0,15.6,0.53,1.0,2.4,0.36,0.0,18.0,0.64,1.0
439,19,21,0,1,2,0.6,0.47,0.0,15.6,0.53,1.0,2.4,0.36,0.0,18.0,0.64,1.0
440,0,22,0,1,2,12.3,0.38,1.0,4.7,0.62,0.0,1.0,0.6,0.0,27.2,0.4,1.0
441,1,22,0,0,2,12.3,0.38,1.0,4.7,0.62,0.0,1.0,0.6,1.0,27.2,0.4,0.0
442,2,22,0,1,4,12.3,0.38,0.5,4.7,0.62,0.5,1.0,0.6,0.5,27.2,0.4,0.5
443,3,22,0,1,3,12.3,0.38,0.0,4.7,0.62,1.0,1.0,0.6,1.0,27.2,0.4,0.0
444,4,22,0,0,3,12.3,0.38,0.0,4.7,0.62,1.0,1.0,0.6,1.0,27.2,0.4,0.0
445,5,22,0,0,3,12.3,0.38,0.0,4.7,0.62,1.0,1.0,0.6,1.0,27.2,0.4,0.0
446,6,22,0,1,3,12.3,0.38,0.0,4.7,0.62,1.0,1.0,0.6,1.0,27.2,0.4,0.0
447,7,22,0,1,3,12.3,0.38,0.0,4.7,0.62,1.0,1.0,0.6,0.5,27.2,0.4,0.5
448,8,22,0,0,5,12.3,0.38,0.667,4.7,0.62,0.333,1.0,0.6,1.0,27.2,0.4,0.0
449,9,22,0,1,3,12.3,0.38,0.0,4.7,0.62,1.0,1.0,0.6,1.0,27.2,0.4,0.0
450,10,22,0,0,3,12.3,0.38,0.0,4.7,0.62,1.0,1.0,0.6,1.0,27.2,0.4,0.0
451,11,22,0,1,2,12.3,0.38,0.0,4.7,0.62,1.0,1.0,0.6,0.0,27.2,0.4,1.0
452,12,22,0,0,2,12.3,0.38,1.0,4.7,0.62,0.0,1.0,0.6,1.0,27.2,0.4,0.0
453,13,22,0,1,3,12.3,0.38,0.0,4.7,0.62,1.0,1.0,0.6,0.5,27.2,0.4,0.5
454,14,22,0,1,2,12.3,0.38,1.0,4.7,0.62,0.0,1.0,0.6,0.0,27.2,0.4,1.0
455,15,22,0,1,3,12.3,0.38,0.0,4.7,0.62,1.0,1.0,0.6,1.0,27.2,0.4,0.0
456,16,22,0,1,3,12.3,0.38,0.0,4.7,0.62,1.0,1.0,0.6,1.0,27.2,0.4,0.0
457,17,22,0,0,2,12.3,0.38,1.0,4.7,0.62,0.0,1.0,0.6,1.0,27.2,0.4,0.0
458,18,22,0,0,3,12.3,0.38,0.0,4.7,0.62,1.0,1.0,0.6,1.0,27.2,0.4,0.0
459,19,22,0,1,2,12.3,0.38,0.0,4.7,0.62,1.0,1.0,0.6,0.0,27.2,0.4,1.0
460,0,23,0,1,2,4.1,0.5,1.0,13.4,0.5,0.0,12.9,0.5,1.0,11.4,0.5,0.0
461,1,23,0,1,2,4.1,0.5,1.0,13.4,0.5,0.0,12.9,0.5,1.0,11.4,0.5,0.0
462,2,23,0,1,2,4.1,0.5,0.0,13.4,0.5,1.0,12.9,0.5,1.0,11.4,0.5,0.0
463,3,23,0,1,2,4.1,0.5,1.0,13.4,0.5,0.0,12.9,0.5,1.0,11.4,0.5,0.0
464,4,23,0,1,2,4.1,0.5,1.0,13.4,0.5,0.0,12.9,0.5,0.0,11.4,0.5,1.0
465,5,23,0,1,2,4.1,0.5,0.0,13.4,0.5,1.0,12.9,0.5,0.0,11.4,0.5,1.0
466,6,23,0,1,2,4.1,0.5,1.0,13.4,0.5,0.0,12.9,0.5,1.0,11.4,0.5,0.0
467,7,23,0,1,2,4.1,0.5,1.0,13.4,0.5,0.0,12.9,0.5,0.0,11.4,0.5,1.0
468,8,23,0,1,2,4.1,0.5,1.0,13.4,0.5,0.0,12.9,0.5,1.0,11.4,0.5,0.0
469,9,23,0,1,2,4.1,0.5,0.0,13.4,0.5,1.0,12.9,0.5,0.0,11.4,0.5,1.0
470,10,23,0,1,2,4.1,0.5,1.0,13.4,0.5,0.0,12.9,0.5,0.0,11.4,0.5,1.0
471,11,23,0,1,2,4.1,0.5,1.0,13.4,0.5,0.0,12.9,0.5,1.0,11.4,0.5,0.0
472,12,23,0,1,2,4.1,0.5,1.0,13.4,0.5,0.0,12.9,0.5,1.0,11.4,0.5,0.0
473,13,23,0,1,2,4.1,0.5,0.0,13.4,0.5,1.0,12.9,0.5,0.0,11.4,0.5,1.0
474,14,23,0,1,2,4.1,0.5,1.0,13.4,0.5,0.0,12.9,0.5,0.0,11.4,0.5,1.0
475,15,23,0,1,2,4.1,0.5,0.0,13.4,0.5,1.0,12.9,0.5,0.0,11.4,0.5,1.0
476,16,23,0,1,2,4.1,0.5,0.0,13.4,0.5,1.0,12.9,0.5,0.0,11.4,0.5,1.0
477,17,23,0,1,2,4.1,0.5,1.0,13.4,0.5,0.0,12.9,0.5,0.0,11.4,0.5,1.0
478,18,23,0,1,2,4.1,0.5,1.0,13.4,0.5,0.0,12.9,0.5,1.0,11.4,0.5,0.0
479,19,23,0,1,2,4.1,0.5,0.0,13.4,0.5,1.0,12.9,0.5,1.0,11.4,0.5,0.0
480,0,24,0,1,2,11.9,0.54,1.0,3.7,0.46,0.0,11.5,0.55,1.0,11.1,0.45,0.0
481,1,24,0,1,2,11.9,0.54,1.0,3.7,0.46,0.0,11.5,0.55,0.0,11.1,0.45,1.0
482,2,24,0,1,2,11.9,0.54,1.0,3.7,0.46,0.0,11.5,0.55,0.0,11.1,0.45,1.0
483,3,24,0,1,2,11.9,0.54,0.0,3.7,0.46,1.0,11.5,0.55,1.0,11.1,0.45,0.0
484,4,24,0,1,2,11.9,0.54,0.0,3.7,0.46,1.0,11.5,0.55,0.0,11.1,0.45,1.0
485,5,24,0,1,2,11.9,0.54,1.0,3.7,0.46,0.0,11.5,0.55,0.0,11.1,0.45,1.0
486,6,24,0,1,2,11.9,0.54,0.0,3.7,0.46,1.0,11.5,0.55,1.0,11.1,0.45,0.0
487,7,24,0,1,2,11.9,0.54,1.0,3.7,0.46,0.0,11.5,0.55,1.0,11.1,0.45,0.0
488,8,24,0,1,2,11.9,0.54,1.0,3.7,0.46,0.0,11.5,0.55,1.0,11.1,0.45,0.0
489,9,24,0,1,2,11.9,0.54,1.0,3.7,0.46,0.0,11.5,0.55,1.0,11.1,0.45,0.0
490,10,24,0,1,2,11.9,0.54,1.0,3.7,0.46,0.0,11.5,0.55,0.0,11.1,0.45,1.0
491,11,24,0,1,2,11.9,0.54,1.0,3.7,0.46,0.0,11.5,0.55,1.0,11.1,0.45,0.0
492,12,24,0,1,2,11.9,0.54,1.0,3.7,0.46,0.0,11.5,0.55,1.0,11.1,0.45,0.0
493,13,24,0,1,2,11.9,0.54,0.0,3.7,0.46,1.0,11.5,0.55,0.0,11.1,0.45,1.0
494,14,24,0,1,2,11.9,0.54,1.0,3.7,0.46,0.0,11.5,0.55,1.0,11.1,0.45,0.0
495,15,24,0,1,2,11.9,0.54,1.0,3.7,0.46,0.0,11.5,0.55,0.0,11.1,0.45,1.0
496,16,24,0,1,2,11.9,0.54,0.0,3.7,0.46,1.0,11.5,0.55,1.0,11.1,0.45,0.0
497,17,24,0,1,2,11.9,0.54,1.0,3.7,0.46,0.0,11.5,0.55,0.0,11.1,0.45,1.0
498,18,24,0,1,2,11.9,0.54,1.0,3.7,0.46,0.0,11.5,0.55,0.0,11.1,0.45,1.0
499,19,24,0,1,2,11.9,0.54,1.0,3.7,0.46,0.0,11.5,0.55,0.0,11.1,0.45,1.0
500,0,25,0,1,2,12.5,0.45,1.0,5.2,0.55,0.0,11.9,0.48,0.0,11.8,0.52,1.0
501,1,25,0,1,2,12.5,0.45,0.0,5.2,0.55,1.0,11.9,0.48,0.0,11.8,0.52,1.0
502,2,25,0,1,2,12.5,0.45,0.0,5.2,0.55,1.0,11.9,0.48,0.0,11.8,0.52,1.0
503,3,25,0,1,2,12.5,0.45,0.0,5.2,0.55,1.0,11.9,0.48,1.0,11.8,0.52,0.0
504,4,25,0,1,3,12.5,0.45,0.5,5.2,0.55,0.5,11.9,0.48,1.0,11.8,0.52,0.0
505,5,25,0,1,2,12.5,0.45,1.0,5.2,0.55,0.0,11.9,0.48,0.0,11.8,0.52,1.0
506,6,25,0,1,2,12.5,0.45,0.0,5.2,0.55,1.0,11.9,0.48,1.0,11.8,0.52,0.0
507,7,25,0,1,2,12.5,0.45,0.0,5.2,0.55,1.0,11.9,0.48,0.0,11.8,0.52,1.0
508,8,25,0,1,2,12.5,0.45,0.0,5.2,0.55,1.0,11.9,0.48,0.0,11.8,0.52,1.0
509,9,25,0,1,2,12.5,0.45,0.0,5.2,0.55,1.0,11.9,0.48,0.0,11.8,0.52,1.0
510,10,25,0,1,3,12.5,0.45,1.0,5.2,0.55,0.0,11.9,0.48,1.0,11.8,0.52,0.0
511,11,25,0,1,3,12.5,0.45,1.0,5.2,0.55,0.0,11.9,0.48,1.0,11.8,0.52,0.0
512,12,25,0,1,2,12.5,0.45,0.0,5.2,0.55,1.0,11.9,0.48,0.0,11.8,0.52,1.0
513,13,25,0,1,3,12.5,0.45,0.5,5.2,0.55,0.5,11.9,0.48,1.0,11.8,0.52,0.0
514,14,25,0,1,3,12.5,0.45,1.0,5.2,0.55,0.0,11.9,0.48,1.0,11.8,0.52,0.0
515,15,25,0,1,2,12.5,0.45,0.0,5.2,0.55,1.0,11.9,0.48,1.0,11.8,0.52,0.0
516,16,25,0,1,2,12.5,0.45,0.0,5.2,0.55,1.0,11.9,0.48,1.0,11.8,0.52,0.0
517,17,25,0,1,2,12.5,0.45,0.0,5.2,0.55,1.0,11.9,0.48,0.0,11.8,0.52,1.0
518,18,25,0,1,2,12.5,0.45,0.0,5.2,0.55,1.0,11.9,0.48,0.0,11.8,0.52,1.0
519,19,25,0,1,2,12.5,0.45,1.0,5.2,0.55,0.0,11.9,0.48,0.0,11.8,0.52,1.0
520,0,26,0,1,2,0.1,0.36,0.0,12.7,0.64,1.0,1.5,0.49,0.0,21.3,0.51,1.0
521,1,26,0,1,2,0.1,0.36,0.0,12.7,0.64,1.0,1.5,0.49,0.0,21.3,0.51,1.0
522,2,26,0,1,2,0.1,0.36,0.0,12.7,0.64,1.0,1.5,0.49,0.0,21.3,0.51,1.0
523,3,26,0,1,2,0.1,0.36,0.0,12.7,0.64,1.0,1.5,0.49,0.0,21.3,0.51,1.0
524,4,26,0,1,2,0.1,0.36,1.0,12.7,0.64,0.0,1.5,0.49,1.0,21.3,0.51,0.0
525,5,26,0,1,2,0.1,0.36,1.0,12.7,0.64,0.0,1.5,0.49,0.0,21.3,0.51,1.0
526,6,26,0,0,2,0.1,0.36,0.0,12.7,0.64,1.0,1.5,0.49,1.0,21.3,0.51,0.0
527,7,26,0,1,2,0.1,0.36,1.0,12.7,0.64,0.0,1.5,0.49,0.0,21.3,0.51,1.0
528,8,26,0,1,2,0.1,0.36,1.0,12.7,0.64,0.0,1.5,0.49,0.0,21.3,0.51,1.0
529,9,26,0,1,2,0.1,0.36,1.0,12.7,0.64,0.0,1.5,0.49,0.0,21.3,0.51,1.0
530,10,26,0,0,2,0.1,0.36,0.0,12.7,0.64,1.0,1.5,0.49,1.0,21.3,0.51,0.0
531,11,26,0,1,2,0.1,0.36,1.0,12.7,0.64,0.0,1.5,0.49,0.0,21.3,0.51,1.0
532,12,26,0,1,2,0.1,0.36,0.0,12.7,0.64,1.0,1.5,0.49,0.0,21.3,0.51,1.0
533,13,26,0,1,2,0.1,0.36,1.0,12.7,0.64,0.0,1.5,0.49,0.0,21.3,0.51,1.0
534,14,26,0,1,2,0.1,0.36,1.0,12.7,0.64,0.0,1.5,0.49,0.0,21.3,0.51,1.0
535,15,26,0,1,2,0.1,0.36,1.0,12.7,0.64,0.0,1.5,0.49,1.0,21.3,0.51,0.0
536,16,26,0,0,2,0.1,0.36,0.0,12.7,0.64,1.0,1.5,0.49,1.0,21.3,0.51,0.0
537,17,26,0,1,2,0.1,0.36,1.0,12.7,0.64,0.0,1.5,0.49,1.0,21.3,0.51,0.0
538,18,26,0,1,2,0.1,0.36,1.0,12.7,0.64,0.0,1.5,0.49,0.0,21.3,0.51,1.0
539,19,26,0,1,2,0.1,0.36,1.0,12.7,0.64,0.0,1.5,0.49,0.0,21.3,0.51,1.0
540,0,27,0,1,2,2.9,0.36,1.0,11.1,0.64,0.0,7.8,0.64,1.0,17.9,0.36,0.0
541,1,27,0,1,2,2.9,0.36,0.0,11.1,0.64,1.0,7.8,0.64,0.0,17.9,0.36,1.0
542,2,27,0,1,3,2.9,0.36,0.0,11.1,0.64,1.0,7.8,0.64,1.0,17.9,0.36,0.0
543,3,27,0,1,2,2.9,0.36,0.0,11.1,0.64,1.0,7.8,0.64,0.0,17.9,0.36,1.0
544,4,27,0,1,2,2.9,0.36,1.0,11.1,0.64,0.0,7.8,0.64,0.0,17.9,0.36,1.0
545,5,27,0,1,2,2.9,0.36,1.0,11.1,0.64,0.0,7.8,0.64,0.0,17.9,0.36,1.0
546,6,27,0,1,2,2.9,0.36,1.0,11.1,0.64,0.0,7.8,0.64,1.0,17.9,0.36,0.0
547,7,27,0,1,3,2.9,0.36,0.0,11.1,0.64,1.0,7.8,0.64,0.5,17.9,0.36,0.5
548,8,27,0,1,2,2.9,0.36,0.0,11.1,0.64,1.0,7.8,0.64,0.0,17.9,0.36,1.0
549,9,27,0,1,2,2.9,0.36,0.0,11.1,0.64,1.0,7.8,0.64,0.0,17.9,0.36,1.0
550,10,27,0,1,3,2.9,0.36,0.5,11.1,0.64,0.5,7.8,0.64,1.0,17.9,0.36,0.0
551,11,27,0,1,3,2.9,0.36,0.0,11.1,0.64,1.0,7.8,0.64,0.5,17.9,0.36,0.5
552,12,27,0,1,2,2.9,0.36,0.0,11.1,0.64,1.0,7.8,0.64,0.0,17.9,0.36,1.0
553,13,27,0,1,4,2.9,0.36,0.0,11.1,0.64,1.0,7.8,0.64,1.0,17.9,0.36,0.0
554,14,27,0,1,2,2.9,0.36,0.0,11.1,0.64,1.0,7.8,0.64,0.0,17.9,0.36,1.0
555,15,27,0,1,2,2.9,0.36,1.0,11.1,0.64,0.0,7.8,0.64,0.0,17.9,0.36,1.0
556,16,27,0,1,4,2.9,0.36,0.0,11.1,0.64,1.0,7.8,0.64,1.0,17.9,0.36,0.0
557,17,27,0,1,3,2.9,0.36,0.0,11.1,0.64,1.0,7.8,0.64,1.0,17.9,0.36,0.0
558,18,27,0,1,3,2.9,0.36,0.5,11.1,0.64,0.5,7.8,0.64,1.0,17.9,0.36,0.0
559,19,27,0,1,4,2.9,0.36,0.5,11.1,0.64,0.5,7.8,0.64,1.0,17.9,0.36,0.0
560,0,28,0,1,2,18.5,0.4,0.0,2.4,0.6,1.0,16.7,0.51,1.0,7.2,0.49,0.0
561,1,28,0,1,2,18.5,0.4,0.0,2.4,0.6,1.0,16.7,0.51,0.0,7.2,0.49,1.0
562,2,28,0,0,2,18.5,0.4,1.0,2.4,0.6,0.0,16.7,0.51,0.0,7.2,0.49,1.0
563,3,28,0,1,3,18.5,0.4,1.0,2.4,0.6,0.0,16.7,0.51,1.0,7.2,0.49,0.0
564,4,28,0,1,2,18.5,0.4,0.0,2.4,0.6,1.0,16.7,0.51,1.0,7.2,0.49,0.0
565,5,28,0,0,2,18.5,0.4,1.0,2.4,0.6,0.0,16.7,0.51,0.0,7.2,0.49,1.0
566,6,28,0,1,2,18.5,0.4,0.0,2.4,0.6,1.0,16.7,0.51,0.0,7.2,0.49,1.0
567,7,28,0,1,3,18.5,0.4,0.5,2.4,0.6,0.5,16.7,0.51,1.0,7.2,0.49,0.0
568,8,28,0,1,2,18.5,0.4,0.0,2.4,0.6,1.0,16.7,0.51,0.0,7.2,0.49,1.0
569,9,28,0,1,3,18.5,0.4,1.0,2.4,0.6,0.0,16.7,0.51,1.0,7.2,0.49,0.0
570,10,28,0,1,2,18.5,0.4,0.0,2.4,0.6,1.0,16.7,0.51,1.0,7.2,0.49,0.0
571,11,28,0,1,2,18.5,0.4,0.0,2.4,0.6,1.0,16.7,0.51,0.0,7.2,0.49,1.0
572,12,28,0,1,2,18.5,0.4,0.0,2.4,0.6,1.0,16.7,0.51,0.0,7.2,0.49,1.0
573,13,28,0,0,2,18.5,0.4,1.0,2.4,0.6,0.0,16.7,0.51,0.0,7.2,0.49,1.0
574,14,28,0,1,2,18.5,0.4,0.0,2.4,0.6,1.0,16.7,0.51,0.0,7.2,0.49,1.0
575,15,28,0,1,5,18.5,0.4,1.0,2.4,0.6,0.0,16.7,0.51,0.5,7.2,0.49,0.5
576,16,28,0,0,3,18.5,0.4,1.0,2.4,0.6,0.0,16.7,0.51,1.0,7.2,0.49,0.0
577,17,28,0,1,3,18.5,0.4,0.5,2.4,0.6,0.5,16.7,0.51,1.0,7.2,0.49,0.0
578,18,28,0,1,2,18.5,0.4,0.0,2.4,0.6,1.0,16.7,0.51,0.0,7.2,0.49,1.0
579,19,28,0,1,2,18.5,0.4,0.0,2.4,0.6,1.0,16.7,0.51,1.0,7.2,0.49,0.0
580,0,29,0,1,3,24.3,0.36,0.5,0.1,0.64,0.5,1.0,0.49,0.0,22.8,0.51,1.0
581,1,29,0,1,2,24.3,0.36,0.0,0.1,0.64,1.0,1.0,0.49,0.0,22.8,0.51,1.0
582,2,29,0,1,2,24.3,0.36,0.0,0.1,0.64,1.0,1.0,0.49,1.0,22.8,0.51,0.0
583,3,29,0,1,2,24.3,0.36,0.0,0.1,0.64,1.0,1.0,0.49,1.0,22.8,0.51,0.0
584,4,29,0,1,2,24.3,0.36,0.0,0.1,0.64,1.0,1.0,0.49,0.0,22.8,0.51,1.0
585,5,29,0,1,2,24.3,0.36,0.0,0.1,0.64,1.0,1.0,0.49,1.0,22.8,0.51,0.0
586,6,29,0,1,2,24.3,0.36,0.0,0.1,0.64,1.0,1.0,0.49,1.0,22.8,0.51,0.0
587,7,29,0,1,2,24.3,0.36,0.0,0.1,0.64,1.0,1.0,0.49,0.0,22.8,0.51,1.0
588,8,29,0,0,3,24.3,0.36,1.0,0.1,0.64,0.0,1.0,0.49,0.0,22.8,0.51,1.0
589,9,29,0,1,2,24.3,0.36,0.0,0.1,0.64,1.0,1.0,0.49,0.0,22.8,0.51,1.0
590,10,29,0,0,2,24.3,0.36,1.0,0.1,0.64,0.0,1.0,0.49,1.0,22.8,0.51,0.0
591,11,29,0,1,2,24.3,0.36,0.0,0.1,0.64,1.0,1.0,0.49,1.0,22.8,0.51,0.0
592,12,29,0,0,2,24.3,0.36,1.0,0.1,0.64,0.0,1.0,0.49,1.0,22.8,0.51,0.0
593,13,29,0,1,2,24.3,0.36,0.0,0.1,0.64,1.0,1.0,0.49,1.0,22.8,0.51,0.0
594,14,29,0,0,2,24.3,0.36,1.0,0.1,0.64,0.0,1.0,0.49,1.0,22.8,0.51,0.0
595,15,29,0,1,2,24.3,0.36,0.0,0.1,0.64,1.0,1.0,0.49,1.0,22.8,0.51,0.0
596,16,29,0,0,2,24.3,0.36,1.0,0.1,0.64,0.0,1.0,0.49,1.0,22.8,0.51,0.0
597,17,29,0,1,2,24.3,0.36,0.0,0.1,0.64,1.0,1.0,0.49,0.0,22.8,0.51,1.0
598,18,29,0,1,2,24.3,0.36,0.0,0.1,0.64,1.0,1.0,0.49,1.0,22.8,0.51,0.0
599,19,29,0,0,2,24.3,0.36,1.0,0.1,0.64,0.0,1.0,0.49,1.0,22.8,0.51,0.0
600,0,30,0,1,4,12.8,0.58,0.667,5.8,0.42,0.333,9.0,0.93,1.0,24.4,0.07,0.0
601,1,30,0,1,3,12.8,0.58,0.5,5.8,0.42,0.5,9.0,0.93,1.0,24.4,0.07,0.0
602,2,30,0,0,6,12.8,0.58,1.0,5.8,0.42,0.0,9.0,0.93,1.0,24.4,0.07,0.0
603,3,30,0,1,4,12.8,0.58,0.667,5.8,0.42,0.333,9.0,0.93,1.0,24.4,0.07,0.0
604,4,30,0,0,4,12.8,0.58,1.0,5.8,0.42,0.0,9.0,0.93,1.0,24.4,0.07,0.0
605,5,30,0,1,10,12.8,0.58,0.857,5.8,0.42,0.143,9.0,0.93,1.0,24.4,0.07,0.0
606,6,30,0,1,2,12.8,0.58,0.0,5.8,0.42,1.0,9.0,0.93,1.0,24.4,0.07,0.0
607,7,30,0,1,2,12.8,0.58,0.0,5.8,0.42,1.0,9.0,0.93,1.0,24.4,0.07,0.0
608,8,30,0,1,2,12.8,0.58,0.0,5.8,0.42,1.0,9.0,0.93,1.0,24.4,0.07,0.0
609,9,30,0,1,3,12.8,0.58,0.5,5.8,0.42,0.5,9.0,0.93,1.0,24.4,0.07,0.0
610,10,30,0,0,6,12.8,0.58,1.0,5.8,0.42,0.0,9.0,0.93,1.0,24.4,0.07,0.0
611,11,30,0,1,7,12.8,0.58,0.8,5.8,0.42,0.2,9.0,0.93,1.0,24.4,0.07,0.0
612,12,30,0,1,5,12.8,0.58,0.5,5.8,0.42,0.5,9.0,0.93,0.667,24.4,0.07,0.333
613,13,30,0,1,2,12.8,0.58,0.0,5.8,0.42,1.0,9.0,0.93,1.0,24.4,0.07,0.0
614,14,30,0,1,6,12.8,0.58,0.75,5.8,0.42,0.25,9.0,0.93,1.0,24.4,0.07,0.0
615,15,30,0,0,4,12.8,0.58,1.0,5.8,0.42,0.0,9.0,0.93,1.0,24.4,0.07,0.0
616,16,30,0,1,2,12.8,0.58,0.0,5.8,0.42,1.0,9.0,0.93,1.0,24.4,0.07,0.0
617,17,30,0,1,5,12.8,0.58,0.333,5.8,0.42,0.667,9.0,0.93,1.0,24.4,0.07,0.0
618,18,30,0,1,3,12.8,0.58,1.0,5.8,0.42,0.0,9.0,0.93,0.5,24.4,0.07,0.5
619,19,30,0,1,3,12.8,0.58,0.5,5.8,0.42,0.5,9.0,0.93,1.0,24.4,0.07,0.0
620,0,31,0,1,4,8.0,0.9,1.0,29.4,0.1,0.0,12.3,0.57,0.0,7.3,0.43,1.0
621,1,31,0,0,3,8.0,0.9,1.0,29.4,0.1,0.0,12.3,0.57,0.0,7.3,0.43,1.0
622,2,31,0,0,2,8.0,0.9,0.0,29.4,0.1,1.0,12.3,0.57,1.0,7.3,0.43,0.0
623,3,31,0,0,5,8.0,0.9,1.0,29.4,0.1,0.0,12.3,0.57,0.333,7.3,0.43,0.667
624,4,31,0,0,2,8.0,0.9,0.0,29.4,0.1,1.0,12.3,0.57,0.0,7.3,0.43,1.0
625,5,31,0,1,3,8.0,0.9,1.0,29.4,0.1,0.0,12.3,0.57,1.0,7.3,0.43,0.0
626,6,31,0,0,4,8.0,0.9,1.0,29.4,0.1,0.0,12.3,0.57,0.667,7.3,0.43,0.333
627,7,31,0,0,3,8.0,0.9,1.0,29.4,0.1,0.0,12.3,0.57,0.0,7.3,0.43,1.0
628,8,31,0,1,3,8.0,0.9,1.0,29.4,0.1,0.0,12.3,0.57,1.0,7.3,0.43,0.0
629,9,31,0,1,6,8.0,0.9,1.0,29.4,0.1,0.0,12.3,0.57,1.0,7.3,0.43,0.0
630,10,31,0,0,4,8.0,0.9,0.5,29.4,0.1,0.5,12.3,0.57,1.0,7.3,0.43,0.0
631,11,31,0,0,3,8.0,0.9,0.5,29.4,0.1,0.5,12.3,0.57,0.0,7.3,0.43,1.0
632,12,31,0,0,4,8.0,0.9,1.0,29.4,0.1,0.0,12.3,0.57,0.667,7.3,0.43,0.333
633,13,31,0,1,3,8.0,0.9,1.0,29.4,0.1,0.0,12.3,0.57,1.0,7.3,0.43,0.0
634,14,31,0,0,7,8.0,0.9,1.0,29.4,0.1,0.0,12.3,0.57,0.8,7.3,0.43,0.2
635,15,31,0,0,3,8.0,0.9,1.0,29.4,0.1,0.0,12.3,0.57,0.0,7.3,0.43,1.0
636,16,31,0,0,3,8.0,0.9,1.0,29.4,0.1,0.0,12.3,0.57,0.0,7.3,0.43,1.0
637,17,31,0,0,4,8.0,0.9,1.0,29.4,0.1,0.0,12.3,0.57,0.667,7.3,0.43,0.333
638,18,31,0,1,6,8.0,0.9,1.0,29.4,0.1,0.0,12.3,0.57,0.5,7.3,0.43,0.5
639,19,31,0,0,5,8.0,0.9,1.0,29.4,0.1,0.0,12.3,0.57,0.333,7.3,0.43,0.667
640,0,32,0,1,7,12.1,0.43,0.6,8.7,0.57,0.4,22.9,0.06,0.0,9.6,0.94,1.0
641,1,32,0,0,10,12.1,0.43,0.8,8.7,0.57,0.2,22.9,0.06,0.0,9.6,0.94,1.0
642,2,32,0,1,2,12.1,0.43,1.0,8.7,0.57,0.0,22.9,0.06,1.0,9.6,0.94,0.0
643,3,32,0,1,3,12.1,0.43,0.0,8.7,0.57,1.0,22.9,0.06,0.0,9.6,0.94,1.0
644,4,32,0,1,5,12.1,0.43,0.5,8.7,0.57,0.5,22.9,0.06,0.333,9.6,0.94,0.667
645,5,32,0,1,3,12.1,0.43,1.0,8.7,0.57,0.0,22.9,0.06,0.5,9.6,0.94,0.5
646,6,32,0,0,5,12.1,0.43,1.0,8.7,0.57,0.0,22.9,0.06,0.0,9.6,0.94,1.0
647,7,32,0,1,5,12.1,0.43,0.667,8.7,0.57,0.333,22.9,0.06,0.5,9.6,0.94,0.5
648,8,32,0,0,14,12.1,0.43,0.714,8.7,0.57,0.286,22.9,0.06,0.0,9.6,0.94,1.0
649,9,32,0,1,3,12.1,0.43,0.0,8.7,0.57,1.0,22.9,0.06,0.0,9.6,0.94,1.0
650,10,32,0,0,5,12.1,0.43,0.0,8.7,0.57,1.0,22.9,0.06,0.0,9.6,0.94,1.0
651,11,32,0,1,5,12.1,0.43,0.5,8.7,0.57,0.5,22.9,0.06,0.0,9.6,0.94,1.0
652,12,32,0,1,16,12.1,0.43,0.444,8.7,0.57,0.556,22.9,0.06,0.0,9.6,0.94,1.0
653,13,32,0,0,4,12.1,0.43,1.0,8.7,0.57,0.0,22.9,0.06,0.0,9.6,0.94,1.0
654,14,32,0,1,2,12.1,0.43,1.0,8.7,0.57,0.0,22.9,0.06,1.0,9.6,0.94,0.0
655,15,32,0,1,2,12.1,0.43,1.0,8.7,0.57,0.0,22.9,0.06,1.0,9.6,0.94,0.0
656,16,32,0,1,3,12.1,0.43,0.0,8.7,0.57,1.0,22.9,0.06,0.0,9.6,0.94,1.0
657,17,32,0,0,9,12.1,0.43,0.333,8.7,0.57,0.667,22.9,0.06,0.0,9.6,0.94,1.0
658,18,32,0,1,8,12.1,0.43,0.4,8.7,0.57,0.6,22.9,0.06,0.0,9.6,0.94,1.0
659,19,32,0,1,10,12.1,0.43,0.2,8.7,0.57,0.8,22.9,0.06,0.0,9.6,0.94,1.0
660,0,33,0,1,2,18.3,0.09,0.0,8.7,0.91,1.0,15.5,0.46,1.0,5.2,0.54,0.0
661,1,33,0,0,2,18.3,0.09,0.0,8.7,0.91,1.0,15.5,0.46,0.0,5.2,0.54,1.0
662,2,33,0,0,2,18.3,0.09,0.0,8.7,0.91,1.0,15.5,0.46,0.0,5.2,0.54,1.0
663,3,33,0,0,2,18.3,0.09,0.0,8.7,0.91,1.0,15.5,0.46,0.0,5.2,0.54,1.0
664,4,33,0,1,2,18.3,0.09,0.0,8.7,0.91,1.0,15.5,0.46,1.0,5.2,0.54,0.0
665,5,33,0,0,2,18.3,0.09,0.0,8.7,0.91,1.0,15.5,0.46,0.0,5.2,0.54,1.0
666,6,33,0,1,2,18.3,0.09,0.0,8.7,0.91,1.0,15.5,0.46,1.0,5.2,0.54,0.0
667,7,33,0,1,2,18.3,0.09,0.0,8.7,0.91,1.0,15.5,0.46,1.0,5.2,0.54,0.0
668,8,33,0,1,2,18.3,0.09,0.0,8.7,0.91,1.0,15.5,0.46,1.0,5.2,0.54,0.0
669,9,33,0,0,2,18.3,0.09,0.0,8.7,0.91,1.0,15.5,0.46,0.0,5.2,0.54,1.0
670,10,33,0,0,2,18.3,0.09,0.0,8.7,0.91,1.0,15.5,0.46,0.0,5.2,0.54,1.0
671,11,33,0,1,2,18.3,0.09,0.0,8.7,0.91,1.0,15.5,0.46,1.0,5.2,0.54,0.0
672,12,33,0,1,2,18.3,0.09,0.0,8.7,0.91,1.0,15.5,0.46,1.0,5.2,0.54,0.0
673,13,33,0,0,2,18.3,0.09,0.0,8.7,0.91,1.0,15.5,0.46,0.0,5.2,0.54,1.0
674,14,33,0,1,2,18.3,0.09,0.0,8.7,0.91,1.0,15.5,0.46,1.0,5.2,0.54,0.0
675,15,33,0,0,2,18.3,0.09,0.0,8.7,0.91,1.0,15.5,0.46,0.0,5.2,0.54,1.0
676,16,33,0,0,2,18.3,0.09,0.0,8.7,0.91,1.0,15.5,0.46,0.0,5.2,0.54,1.0
677,17,33,0,0,2,18.3,0.09,0.0,8.7,0.91,1.0,15.5,0.46,0.0,5.2,0.54,1.0
678,18,33,0,1,2,18.3,0.09,0.0,8.7,0.91,1.0,15.5,0.46,1.0,5.2,0.54,0.0
679,19,33,0,0,2,18.3,0.09,1.0,8.7,0.91,0.0,15.5,0.46,0.0,5.2,0.54,1.0
680,0,34,0,1,3,26.5,0.09,0.0,8.3,0.91,1.0,1.9,0.36,0.0,15.0,0.64,1.0
681,1,34,0,1,3,26.5,0.09,0.0,8.3,0.91,1.0,1.9,0.36,0.0,15.0,0.64,1.0
682,2,34,0,0,2,26.5,0.09,1.0,8.3,0.91,0.0,1.9,0.36,0.0,15.0,0.64,1.0
683,3,34,0,0,3,26.5,0.09,0.0,8.3,0.91,1.0,1.9,0.36,0.5,15.0,0.64,0.5
684,4,34,0,1,3,26.5,0.09,0.0,8.3,0.91,1.0,1.9,0.36,0.0,15.0,0.64,1.0
685,5,34,0,1,3,26.5,0.09,0.0,8.3,0.91,1.0,1.9,0.36,0.0,15.0,0.64,1.0
686,6,34,0,1,3,26.5,0.09,0.0,8.3,0.91,1.0,1.9,0.36,0.0,15.0,0.64,1.0
687,7,34,0,0,2,26.5,0.09,0.0,8.3,0.91,1.0,1.9,0.36,1.0,15.0,0.64,0.0
688,8,34,0,0,2,26.5,0.09,1.0,8.3,0.91,0.0,1.9,0.36,0.0,15.0,0.64,1.0
689,9,34,0,1,3,26.5,0.09,0.0,8.3,0.91,1.0,1.9,0.36,0.0,15.0,0.64,1.0
690,10,34,0,1,3,26.5,0.09,0.0,8.3,0.91,1.0,1.9,0.36,0.0,15.0,0.64,1.0
691,11,34,0,0,2,26.5,0.09,0.0,8.3,0.91,1.0,1.9,0.36,1.0,15.0,0.64,0.0
692,12,34,0,0,3,26.5,0.09,0.0,8.3,0.91,1.0,1.9,0.36,0.5,15.0,0.64,0.5
693,13,34,0,1,3,26.5,0.09,0.0,8.3,0.91,1.0,1.9,0.36,0.0,15.0,0.64,1.0
694,14,34,0,0,2,26.5,0.09,0.0,8.3,0.91,1.0,1.9,0.36,1.0,15.0,0.64,0.0
695,15,34,0,0,2,26.5,0.09,1.0,8.3,0.91,0.0,1.9,0.36,1.0,15.0,0.64,0.0
696,16,34,0,0,3,26.5,0.09,0.5,8.3,0.91,0.5,1.9,0.36,0.0,15.0,0.64,1.0
697,17,34,0,0,2,26.5,0.09,0.0,8.3,0.91,1.0,1.9,0.36,1.0,15.0,0.64,0.0
698,18,34,0,0,2,26.5,0.09,1.0,8.3,0.91,0.0,1.9,0.36,1.0,15.0,0.64,0.0
699,19,34,0,0,3,26.5,0.09,0.5,8.3,0.91,0.5,1.9,0.36,0.0,15.0,0.64,1.0
700,0,35,0,0,2,22.7,0.09,0.0,8.6,0.91,1.0,5.5,0.43,1.0,13.2,0.57,0.0
701,1,35,0,0,2,22.7,0.09,0.0,8.6,0.91,1.0,5.5,0.43,1.0,13.2,0.57,0.0
702,2,35,0,0,2,22.7,0.09,1.0,8.6,0.91,0.0,5.5,0.43,1.0,13.2,0.57,0.0
703,3,35,0,1,3,22.7,0.09,0.0,8.6,0.91,1.0,5.5,0.43,0.0,13.2,0.57,1.0
704,4,35,0,1,3,22.7,0.09,0.0,8.6,0.91,1.0,5.5,0.43,0.0,13.2,0.57,1.0
705,5,35,0,1,4,22.7,0.09,0.0,8.6,0.91,1.0,5.5,0.43,0.0,13.2,0.57,1.0
706,6,35,0,0,2,22.7,0.09,0.0,8.6,0.91,1.0,5.5,0.43,1.0,13.2,0.57,0.0
707,7,35,0,0,2,22.7,0.09,1.0,8.6,0.91,0.0,5.5,0.43,0.0,13.2,0.57,1.0
708,8,35,0,0,2,22.7,0.09,0.0,8.6,0.91,1.0,5.5,0.43,1.0,13.2,0.57,0.0
709,9,35,0,0,6,22.7,0.09,0.0,8.6,0.91,1.0,5.5,0.43,0.667,13.2,0.57,0.333
710,10,35,0,0,5,22.7,0.09,0.0,8.6,0.91,1.0,5.5,0.43,0.5,13.2,0.57,0.5
711,11,35,0,0,7,22.7,0.09,0.0,8.6,0.91,1.0,5.5,0.43,0.4,13.2,0.57,0.6
712,12,35,0,1,3,22.7,0.09,0.0,8.6,0.91,1.0,5.5,0.43,0.0,13.2,0.57,1.0
713,13,35,0,1,3,22.7,0.09,0.0,8.6,0.91,1.0,5.5,0.43,0.0,13.2,0.57,1.0
714,14,35,0,0,2,22.7,0.09,0.0,8.6,0.91,1.0,5.5,0.43,1.0,13.2,0.57,0.0
715,15,35,0,1,3,22.7,0.09,0.0,8.6,0.91,1.0,5.5,0.43,0.0,13.2,0.57,1.0
716,16,35,0,0,2,22.7,0.09,1.0,8.6,0.91,0.0,5.5,0.43,0.0,13.2,0.57,1.0
717,17,35,0,0,2,22.7,0.09,0.0,8.6,0.91,1.0,5.5,0.43,1.0,13.2,0.57,0.0
718,18,35,0,0,2,22.7,0.09,0.0,8.6,0.91,1.0,5.5,0.43,1.0,13.2,0.57,0.0
719,19,35,0,0,7,22.7,0.09,0.0,8.6,0.91,1.0,5.5,0.43,0.5,13.2,0.57,0.5
720,0,36,0,0,2,17.1,0.53,1.0,2.7,0.47,0.0,29.8,0.07,0.0,8.9,0.93,1.0
721,1,36,0,1,2,17.1,0.53,0.0,2.7,0.47,1.0,29.8,0.07,0.0,8.9,0.93,1.0
722,2,36,0,1,2,17.1,0.53,0.0,2.7,0.47,1.0,29.8,0.07,1.0,8.9,0.93,0.0
723,3,36,0,1,2,17.1,0.53,0.0,2.7,0.47,1.0,29.8,0.07,0.0,8.9,0.93,1.0
724,4,36,0,0,2,17.1,0.53,1.0,2.7,0.47,0.0,29.8,0.07,0.0,8.9,0.93,1.0
725,5,36,0,0,2,17.1,0.53,1.0,2.7,0.47,0.0,29.8,0.07,0.0,8.9,0.93,1.0
726,6,36,0,1,2,17.1,0.53,0.0,2.7,0.47,1.0,29.8,0.07,0.0,8.9,0.93,1.0
727,7,36,0,1,2,17.1,0.53,0.0,2.7,0.47,1.0,29.8,0.07,0.0,8.9,0.93,1.0
728,8,36,0,1,2,17.1,0.53,0.0,2.7,0.47,1.0,29.8,0.07,0.0,8.9,0.93,1.0
729,9,36,0,0,2,17.1,0.53,1.0,2.7,0.47,0.0,29.8,0.07,0.0,8.9,0.93,1.0
730,10,36,0,0,2,17.1,0.53,1.0,2.7,0.47,0.0,29.8,0.07,0.0,8.9,0.93,1.0
731,11,36,0,0,2,17.1,0.53,1.0,2.7,0.47,0.0,29.8,0.07,0.0,8.9,0.93,1.0
732,12,36,0,0,2,17.1,0.53,1.0,2.7,0.47,0.0,29.8,0.07,0.0,8.9,0.93,1.0
733,13,36,0,1,2,17.1,0.53,0.0,2.7,0.47,1.0,29.8,0.07,0.0,8.9,0.93,1.0
734,14,36,0,0,2,17.1,0.53,1.0,2.7,0.47,0.0,29.8,0.07,0.0,8.9,0.93,1.0
735,15,36,0,0,2,17.1,0.53,1.0,2.7,0.47,0.0,29.8,0.07,0.0,8.9,0.93,1.0
736,16,36,0,0,2,17.1,0.53,1.0,2.7,0.47,0.0,29.8,0.07,0.0,8.9,0.93,1.0
737,17,36,0,0,2,17.1,0.53,1.0,2.7,0.47,0.0,29.8,0.07,0.0,8.9,0.93,1.0
738,18,36,0,1,2,17.1,0.53,0.0,2.7,0.47,1.0,29.8,0.07,0.0,8.9,0.93,1.0
739,19,36,0,1,2,17.1,0.53,0.0,2.7,0.47,1.0,29.8,0.07,0.0,8.9,0.93,1.0
740,0,37,0,1,2,13.3,0.52,0.0,5.3,0.48,1.0,9.0,0.92,1.0,18.2,0.08,0.0
741,1,37,0,1,2,13.3,0.52,0.0,5.3,0.48,1.0,9.0,0.92,1.0,18.2,0.08,0.0
742,2,37,0,1,2,13.3,0.52,0.0,5.3,0.48,1.0,9.0,0.92,1.0,18.2,0.08,0.0
743,3,37,0,0,3,13.3,0.52,1.0,5.3,0.48,0.0,9.0,0.92,1.0,18.2,0.08,0.0
744,4,37,0,1,6,13.3,0.52,0.333,5.3,0.48,0.667,9.0,0.92,1.0,18.2,0.08,0.0
745,5,37,0,0,3,13.3,0.52,1.0,5.3,0.48,0.0,9.0,0.92,1.0,18.2,0.08,0.0
746,6,37,0,0,3,13.3,0.52,1.0,5.3,0.48,0.0,9.0,0.92,1.0,18.2,0.08,0.0
747,7,37,0,1,2,13.3,0.52,0.0,5.3,0.48,1.0,9.0,0.92,1.0,18.2,0.08,0.0
748,8,37,0,1,2,13.3,0.52,0.0,5.3,0.48,1.0,9.0,0.92,1.0,18.2,0.08,0.0
749,9,37,0,1,2,13.3,0.52,0.0,5.3,0.48,1.0,9.0,0.92,1.0,18.2,0.08,0.0
750,10,37,0,0,3,13.3,0.52,1.0,5.3,0.48,0.0,9.0,0.92,1.0,18.2,0.08,0.0
751,11,37,0,1,2,13.3,0.52,0.0,5.3,0.48,1.0,9.0,0.92,1.0,18.2,0.08,0.0
752,12,37,0,1,2,13.3,0.52,0.0,5.3,0.48,1.0,9.0,0.92,0.0,18.2,0.08,1.0
753,13,37,0,1,2,13.3,0.52,0.0,5.3,0.48,1.0,9.0,0.92,1.0,18.2,0.08,0.0
754,14,37,0,1,2,13.3,0.52,0.0,5.3,0.48,1.0,9.0,0.92,1.0,18.2,0.08,0.0
755,15,37,0,1,6,13.3,0.52,0.667,5.3,0.48,0.333,9.0,0.92,0.667,18.2,0.08,0.333
756,16,37,0,1,2,13.3,0.52,0.0,5.3,0.48,1.0,9.0,0.92,1.0,18.2,0.08,0.0
757,17,37,0,1,2,13.3,0.52,0.0,5.3,0.48,1.0,9.0,0.92,1.0,18.2,0.08,0.0
758,18,37,0,1,2,13.3,0.52,0.0,5.3,0.48,1.0,9.0,0.92,1.0,18.2,0.08,0.0
759,19,37,0,0,3,13.3,0.52,1.0,5.3,0.48,0.0,9.0,0.92,1.0,18.2,0.08,0.0
760,0,38,0,1,14,8.8,0.92,1.0,24.2,0.08,0.0,5.4,0.35,0.125,13.2,0.65,0.875
761,1,38,0,1,3,8.8,0.92,1.0,24.2,0.08,0.0,5.4,0.35,0.0,13.2,0.65,1.0
762,2,38,0,1,3,8.8,0.92,1.0,24.2,0.08,0.0,5.4,0.35,0.0,13.2,0.65,1.0
763,3,38,0,0,6,8.8,0.92,1.0,24.2,0.08,0.0,5.4,0.35,0.5,13.2,0.65,0.5
764,4,38,0,1,3,8.8,0.92,1.0,24.2,0.08,0.0,5.4,0.35,0.0,13.2,0.65,1.0
765,5,38,0,0,3,8.8,0.92,1.0,24.2,0.08,0.0,5.4,0.35,0.5,13.2,0.65,0.5
766,6,38,0,1,3,8.8,0.92,1.0,24.2,0.08,0.0,5.4,0.35,0.0,13.2,0.65,1.0
767,7,38,0,1,3,8.8,0.92,1.0,24.2,0.08,0.0,5.4,0.35,0.0,13.2,0.65,1.0
768,8,38,0,1,5,8.8,0.92,1.0,24.2,0.08,0.0,5.4,0.35,0.0,13.2,0.65,1.0
769,9,38,0,1,6,8.8,0.92,1.0,24.2,0.08,0.0,5.4,0.35,1.0,13.2,0.65,0.0
770,10,38,0,0,3,8.8,0.92,1.0,24.2,0.08,0.0,5.4,0.35,0.5,13.2,0.65,0.5
771,11,38,0,1,3,8.8,0.92,1.0,24.2,0.08,0.0,5.4,0.35,0.0,13.2,0.65,1.0
772,12,38,0,1,3,8.8,0.92,1.0,24.2,0.08,0.0,5.4,0.35,0.0,13.2,0.65,1.0
773,13,38,0,0,3,8.8,0.92,1.0,24.2,0.08,0.0,5.4,0.35,0.5,13.2,0.65,0.5
774,14,38,0,0,4,8.8,0.92,1.0,24.2,0.08,0.0,5.4,0.35,0.333,13.2,0.65,0.667
775,15,38,0,0,5,8.8,0.92,1.0,24.2,0.08,0.0,5.4,0.35,0.25,13.2,0.65,0.75
776,16,38,0,1,8,8.8,0.92,1.0,24.2,0.08,0.0,5.4,0.35,0.333,13.2,0.65,0.667
777,17,38,0,1,5,8.8,0.92,1.0,24.2,0.08,0.0,5.4,0.35,0.0,13.2,0.65,1.0
778,18,38,0,1,3,8.8,0.92,1.0,24.2,0.08,0.0,5.4,0.35,0.0,13.2,0.65,1.0
779,19,38,0,1,3,8.8,0.92,1.0,24.2,0.08,0.0,5.4,0.35,0.0,13.2,0.65,1.0
780,0,39,0,0,3,9.0,0.91,0.5,21.3,0.09,0.5,13.2,0.45,0.0,8.4,0.55,1.0
781,1,39,0,1,2,9.0,0.91,1.0,21.3,0.09,0.0,13.2,0.45,1.0,8.4,0.55,0.0
782,2,39,0,1,2,9.0,0.91,1.0,21.3,0.09,0.0,13.2,0.45,1.0,8.4,0.55,0.0
783,3,39,0,1,2,9.0,0.91,1.0,21.3,0.09,0.0,13.2,0.45,1.0,8.4,0.55,0.0
784,4,39,0,1,2,9.0,0.91,1.0,21.3,0.09,0.0,13.2,0.45,1.0,8.4,0.55,0.0
785,5,39,0,1,2,9.0,0.91,1.0,21.3,0.09,0.0,13.2,0.45,1.0,8.4,0.55,0.0
786,6,39,0,0,2,9.0,0.91,0.0,21.3,0.09,1.0,13.2,0.45,0.0,8.4,0.55,1.0
787,7,39,0,1,4,9.0,0.91,1.0,21.3,0.09,0.0,13.2,0.45,0.5,8.4,0.55,0.5
788,8,39,0,1,10,9.0,0.91,1.0,21.3,0.09,0.0,13.2,0.45,0.2,8.4,0.55,0.8
789,9,39,0,1,2,9.0,0.91,1.0,21.3,0.09,0.0,13.2,0.45,1.0,8.4,0.55,0.0
790,10,39,0,1,4,9.0,0.91,1.0,21.3,0.09,0.0,13.2,0.45,0.5,8.4,0.55,0.5
791,11,39,0,1,2,9.0,0.91,1.0,21.3,0.09,0.0,13.2,0.45,1.0,8.4,0.55,0.0
792,12,39,0,1,6,9.0,0.91,1.0,21.3,0.09,0.0,13.2,0.45,0.333,8.4,0.55,0.667
793,13,39,0,1,2,9.0,0.91,1.0,21.3,0.09,0.0,13.2,0.45,1.0,8.4,0.55,0.0
794,14,39,0,1,4,9.0,0.91,1.0,21.3,0.09,0.0,13.2,0.45,0.5,8.4,0.55,0.5
795,15,39,0,1,4,9.0,0.91,1.0,21.3,0.09,0.0,13.2,0.45,0.5,8.4,0.55,0.5
796,16,39,0,1,2,9.0,0.91,1.0,21.3,0.09,0.0,13.2,0.45,1.0,8.4,0.55,0.0
797,17,39,0,1,2,9.0,0.91,1.0,21.3,0.09,0.0,13.2,0.45,1.0,8.4,0.55,0.0
798,18,39,0,1,7,9.0,0.91,1.0,21.3,0.09,0.0,13.2,0.45,0.5,8.4,0.55,0.5
799,19,39,0,0,2,9.0,0.91,0.0,21.3,0.09,1.0,13.2,0.45,1.0,8.4,0.55,0.0
800,0,40,0,0,2,1.0,0.08,0.0,10.7,0.92,1.0,1.9,0.55,1.0,20.3,0.45,0.0
801,1,40,0,1,2,1.0,0.08,0.0,10.7,0.92,1.0,1.9,0.55,0.0,20.3,0.45,1.0
802,2,40,0,1,2,1.0,0.08,0.0,10.7,0.92,1.0,1.9,0.55,0.0,20.3,0.45,1.0
803,3,40,0,1,2,1.0,0.08,0.0,10.7,0.92,1.0,1.9,0.55,0.0,20.3,0.45,1.0
804,4,40,0,0,2,1.0,0.08,0.0,10.7,0.92,1.0,1.9,0.55,1.0,20.3,0.45,0.0
805,5,40,0,0,2,1.0,0.08,0.0,10.7,0.92,1.0,1.9,0.55,1.0,20.3,0.45,0.0
806,6,40,0,0,2,1.0,0.08,0.0,10.7,0.92,1.0,1.9,0.55,1.0,20.3,0.45,0.0
807,7,40,0,1,2,1.0,0.08,0.0,10.7,0.92,1.0,1.9,0.55,0.0,20.3,0.45,1.0
808,8,40,0,1,2,1.0,0.08,0.0,10.7,0.92,1.0,1.9,0.55,0.0,20.3,0.45,1.0
809,9,40,0,1,2,1.0,0.08,1.0,10.7,0.92,0.0,1.9,0.55,0.0,20.3,0.45,1.0
810,10,40,0,0,2,1.0,0.08,0.0,10.7,0.92,1.0,1.9,0.55,1.0,20.3,0.45,0.0
811,11,40,0,1,2,1.0,0.08,0.0,10.7,0.92,1.0,1.9,0.55,0.0,20.3,0.45,1.0
812,12,40,0,1,2,1.0,0.08,0.0,10.7,0.92,1.0,1.9,0.55,0.0,20.3,0.45,1.0
813,13,40,0,1,2,1.0,0.08,0.0,10.7,0.92,1.0,1.9,0.55,0.0,20.3,0.45,1.0
814,14,40,0,1,2,1.0,0.08,0.0,10.7,0.92,1.0,1.9,0.55,0.0,20.3,0.45,1.0
815,15,40,0,0,2,1.0,0.08,0.0,10.7,0.92,1.0,1.9,0.55,1.0,20.3,0.45,0.0
816,16,40,0,1,3,1.0,0.08,1.0,10.7,0.92,0.0,1.9,0.55,0.5,20.3,0.45,0.5
817,17,40,0,0,2,1.0,0.08,0.0,10.7,0.92,1.0,1.9,0.55,1.0,20.3,0.45,0.0
818,18,40,0,0,2,1.0,0.08,0.0,10.7,0.92,1.0,1.9,0.55,1.0,20.3,0.45,0.0
819,19,40,0,1,2,1.0,0.08,0.0,10.7,0.92,1.0,1.9,0.55,0.0,20.3,0.45,1.0
820,0,41,0,1,2,2.9,0.06,0.0,10.6,0.94,1.0,27.5,0.35,1.0,1.2,0.65,0.0
821,1,41,0,1,2,2.9,0.06,0.0,10.6,0.94,1.0,27.5,0.35,1.0,1.2,0.65,0.0
822,2,41,0,0,2,2.9,0.06,0.0,10.6,0.94,1.0,27.5,0.35,0.0,1.2,0.65,1.0
823,3,41,0,1,2,2.9,0.06,0.0,10.6,0.94,1.0,27.5,0.35,1.0,1.2,0.65,0.0
824,4,41,0,0,2,2.9,0.06,0.0,10.6,0.94,1.0,27.5,0.35,0.0,1.2,0.65,1.0
825,5,41,0,0,2,2.9,0.06,0.0,10.6,0.94,1.0,27.5,0.35,0.0,1.2,0.65,1.0
826,6,41,0,0,2,2.9,0.06,0.0,10.6,0.94,1.0,27.5,0.35,0.0,1.2,0.65,1.0
827,7,41,0,0,2,2.9,0.06,0.0,10.6,0.94,1.0,27.5,0.35,0.0,1.2,0.65,1.0
828,8,41,0,0,2,2.9,0.06,0.0,10.6,0.94,1.0,27.5,0.35,0.0,1.2,0.65,1.0
829,9,41,0,0,2,2.9,0.06,0.0,10.6,0.94,1.0,27.5,0.35,0.0,1.2,0.65,1.0
830,10,41,0,0,2,2.9,0.06,0.0,10.6,0.94,1.0,27.5,0.35,0.0,1.2,0.65,1.0
831,11,41,0,0,2,2.9,0.06,0.0,10.6,0.94,1.0,27.5,0.35,0.0,1.2,0.65,1.0
832,12,41,0,1,2,2.9,0.06,0.0,10.6,0.94,1.0,27.5,0.35,1.0,1.2,0.65,0.0
833,13,41,0,1,2,2.9,0.06,0.0,10.6,0.94,1.0,27.5,0.35,1.0,1.2,0.65,0.0
834,14,41,0,0,2,2.9,0.06,0.0,10.6,0.94,1.0,27.5,0.35,0.0,1.2,0.65,1.0
835,15,41,0,0,2,2.9,0.06,0.0,10.6,0.94,1.0,27.5,0.35,0.0,1.2,0.65,1.0
836,16,41,0,0,2,2.9,0.06,0.0,10.6,0.94,1.0,27.5,0.35,0.0,1.2,0.65,1.0
837,17,41,0,1,2,2.9,0.06,0.0,10.6,0.94,1.0,27.5,0.35,1.0,1.2,0.65,0.0
838,18,41,0,0,2,2.9,0.06,0.0,10.6,0.94,1.0,27.5,0.35,0.0,1.2,0.65,1.0
839,19,41,0,0,2,2.9,0.06,0.0,10.6,0.94,1.0,27.5,0.35,0.0,1.2,0.65,1.0
840,0,42,0,1,2,10.3,0.91,1.0,1.4,0.09,0.0,14.8,0.4,1.0,6.0,0.6,0.0
841,1,42,0,1,2,10.3,0.91,1.0,1.4,0.09,0.0,14.8,0.4,1.0,6.0,0.6,0.0
842,2,42,0,1,2,10.3,0.91,1.0,1.4,0.09,0.0,14.8,0.4,1.0,6.0,0.6,0.0
843,3,42,0,1,4,10.3,0.91,1.0,1.4,0.09,0.0,14.8,0.4,0.5,6.0,0.6,0.5
844,4,42,0,1,2,10.3,0.91,1.0,1.4,0.09,0.0,14.8,0.4,1.0,6.0,0.6,0.0
845,5,42,0,1,2,10.3,0.91,1.0,1.4,0.09,0.0,14.8,0.4,1.0,6.0,0.6,0.0
846,6,42,0,1,2,10.3,0.91,1.0,1.4,0.09,0.0,14.8,0.4,1.0,6.0,0.6,0.0
847,7,42,0,0,3,10.3,0.91,1.0,1.4,0.09,0.0,14.8,0.4,0.0,6.0,0.6,1.0
848,8,42,0,1,4,10.3,0.91,1.0,1.4,0.09,0.0,14.8,0.4,0.5,6.0,0.6,0.5
849,9,42,0,0,3,10.3,0.91,1.0,1.4,0.09,0.0,14.8,0.4,0.0,6.0,0.6,1.0
850,10,42,0,1,2,10.3,0.91,1.0,1.4,0.09,0.0,14.8,0.4,1.0,6.0,0.6,0.0
851,11,42,0,1,2,10.3,0.91,0.0,1.4,0.09,1.0,14.8,0.4,0.0,6.0,0.6,1.0
852,12,42,0,1,2,10.3,0.91,1.0,1.4,0.09,0.0,14.8,0.4,1.0,6.0,0.6,0.0
853,13,42,0,0,4,10.3,0.91,1.0,1.4,0.09,0.0,14.8,0.4,0.0,6.0,0.6,1.0
854,14,42,0,1,2,10.3,0.91,1.0,1.4,0.09,0.0,14.8,0.4,1.0,6.0,0.6,0.0
855,15,42,0,1,5,10.3,0.91,0.75,1.4,0.09,0.25,14.8,0.4,0.0,6.0,0.6,1.0
856,16,42,0,1,3,10.3,0.91,1.0,1.4,0.09,0.0,14.8,0.4,0.5,6.0,0.6,0.5
857,17,42,0,1,2,10.3,0.91,0.0,1.4,0.09,1.0,14.8,0.4,0.0,6.0,0.6,1.0
858,18,42,0,1,4,10.3,0.91,1.0,1.4,0.09,0.0,14.8,0.4,0.5,6.0,0.6,0.5
859,19,42,0,0,3,10.3,0.91,1.0,1.4,0.09,0.0,14.8,0.4,0.0,6.0,0.6,1.0
860,0,43,0,0,2,18.3,0.47,1.0,2.8,0.53,0.0,0.4,0.06,0.0,11.2,0.94,1.0
861,1,43,0,1,2,18.3,0.47,0.0,2.8,0.53,1.0,0.4,0.06,0.0,11.2,0.94,1.0
862,2,43,0,1,2,18.3,0.47,0.0,2.8,0.53,1.0,0.4,0.06,0.0,11.2,0.94,1.0
863,3,43,0,0,2,18.3,0.47,1.0,2.8,0.53,0.0,0.4,0.06,0.0,11.2,0.94,1.0
864,4,43,0,0,2,18.3,0.47,1.0,2.8,0.53,0.0,0.4,0.06,0.0,11.2,0.94,1.0
865,5,43,0,0,2,18.3,0.47,1.0,2.8,0.53,0.0,0.4,0.06,0.0,11.2,0.94,1.0
866,6,43,0,0,2,18.3,0.47,1.0,2.8,0.53,0.0,0.4,0.06,0.0,11.2,0.94,1.0
867,7,43,0,0,2,18.3,0.47,1.0,2.8,0.53,0.0,0.4,0.06,0.0,11.2,0.94,1.0
868,8,43,0,1,2,18.3,0.47,0.0,2.8,0.53,1.0,0.4,0.06,0.0,11.2,0.94,1.0
869,9,43,0,1,2,18.3,0.47,0.0,2.8,0.53,1.0,0.4,0.06,0.0,11.2,0.94,1.0
870,10,43,0,1,2,18.3,0.47,0.0,2.8,0.53,1.0,0.4,0.06,0.0,11.2,0.94,1.0
871,11,43,0,0,2,18.3,0.47,1.0,2.8,0.53,0.0,0.4,0.06,0.0,11.2,0.94,1.0
872,12,43,0,0,2,18.3,0.47,1.0,2.8,0.53,0.0,0.4,0.06,0.0,11.2,0.94,1.0
873,13,43,0,1,2,18.3,0.47,0.0,2.8,0.53,1.0,0.4,0.06,0.0,11.2,0.94,1.0
874,14,43,0,0,2,18.3,0.47,1.0,2.8,0.53,0.0,0.4,0.06,0.0,11.2,0.94,1.0
875,15,43,0,1,2,18.3,0.47,0.0,2.8,0.53,1.0,0.4,0.06,0.0,11.2,0.94,1.0
876,16,43,0,0,2,18.3,0.47,1.0,2.8,0.53,0.0,0.4,0.06,0.0,11.2,0.94,1.0
877,17,43,0,1,2,18.3,0.47,0.0,2.8,0.53,1.0,0.4,0.06,0.0,11.2,0.94,1.0
878,18,43,0,1,2,18.3,0.47,0.0,2.8,0.53,1.0,0.4,0.06,0.0,11.2,0.94,1.0
879,19,43,0,0,2,18.3,0.47,1.0,2.8,0.53,0.0,0.4,0.06,1.0,11.2,0.94,0.0
880,0,44,0,1,2,2.1,0.57,1.0,19.9,0.43,0.0,0.5,0.08,0.0,10.8,0.92,1.0
881,1,44,0,1,2,2.1,0.57,1.0,19.9,0.43,0.0,0.5,0.08,0.0,10.8,0.92,1.0
882,2,44,0,1,2,2.1,0.57,1.0,19.9,0.43,0.0,0.5,0.08,0.0,10.8,0.92,1.0
883,3,44,0,1,2,2.1,0.57,1.0,19.9,0.43,0.0,0.5,0.08,0.0,10.8,0.92,1.0
884,4,44,0,0,2,2.1,0.57,0.0,19.9,0.43,1.0,0.5,0.08,0.0,10.8,0.92,1.0
885,5,44,0,0,2,2.1,0.57,0.0,19.9,0.43,1.0,0.5,0.08,0.0,10.8,0.92,1.0
886,6,44,0,1,2,2.1,0.57,1.0,19.9,0.43,0.0,0.5,0.08,0.0,10.8,0.92,1.0
887,7,44,0,1,2,2.1,0.57,1.0,19.9,0.43,0.0,0.5,0.08,0.0,10.8,0.92,1.0
888,8,44,0,0,2,2.1,0.57,0.0,19.9,0.43,1.0,0.5,0.08,0.0,10.8,0.92,1.0
889,9,44,0,1,2,2.1,0.57,1.0,19.9,0.43,0.0,0.5,0.08,0.0,10.8,0.92,1.0
890,10,44,0,1,2,2.1,0.57,1.0,19.9,0.43,0.0,0.5,0.08,0.0,10.8,0.92,1.0
891,11,44,0,1,2,2.1,0.57,1.0,19.9,0.43,0.0,0.5,0.08,0.0,10.8,0.92,1.0
892,12,44,0,1,2,2.1,0.57,1.0,19.9,0.43,0.0,0.5,0.08,0.0,10.8,0.92,1.0
893,13,44,0,1,2,2.1,0.57,1.0,19.9,0.43,0.0,0.5,0.08,0.0,10.8,0.92,1.0
894,14,44,0,1,2,2.1,0.57,1.0,19.9,0.43,0.0,0.5,0.08,0.0,10.8,0.92,1.0
895,15,44,0,1,2,2.1,0.57,1.0,19.9,0.43,0.0,0.5,0.08,0.0,10.8,0.92,1.0
896,16,44,0,0,2,2.1,0.57,0.0,19.9,0.43,1.0,0.5,0.08,0.0,10.8,0.92,1.0
897,17,44,0,1,2,2.1,0.57,1.0,19.9,0.43,0.0,0.5,0.08,0.0,10.8,0.92,1.0
898,18,44,0,1,2,2.1,0.57,1.0,19.9,0.43,0.0,0.5,0.08,0.0,10.8,0.92,1.0
899,19,44,0,0,2,2.1,0.57,0.0,19.9,0.43,1.0,0.5,0.08,0.0,10.8,0.92,1.0
900,0,45,0,0,2,10.2,0.92,1.0,2.2,0.08,0.0,4.4,0.47,1.0,14.2,0.53,0.0
901,1,45,0,1,2,10.2,0.92,1.0,2.2,0.08,0.0,4.4,0.47,0.0,14.2,0.53,1.0
902,2,45,0,1,2,10.2,0.92,1.0,2.2,0.08,0.0,4.4,0.47,0.0,14.2,0.53,1.0
903,3,45,0,1,2,10.2,0.92,1.0,2.2,0.08,0.0,4.4,0.47,0.0,14.2,0.53,1.0
904,4,45,0,1,2,10.2,0.92,1.0,2.2,0.08,0.0,4.4,0.47,0.0,14.2,0.53,1.0
905,5,45,0,1,2,10.2,0.92,1.0,2.2,0.08,0.0,4.4,0.47,0.0,14.2,0.53,1.0
906,6,45,0,1,2,10.2,0.92,1.0,2.2,0.08,0.0,4.4,0.47,0.0,14.2,0.53,1.0
907,7,45,0,1,2,10.2,0.92,1.0,2.2,0.08,0.0,4.4,0.47,0.0,14.2,0.53,1.0
908,8,45,0,1,2,10.2,0.92,1.0,2.2,0.08,0.0,4.4,0.47,0.0,14.2,0.53,1.0
909,9,45,0,1,2,10.2,0.92,1.0,2.2,0.08,0.0,4.4,0.47,0.0,14.2,0.53,1.0
910,10,45,0,0,2,10.2,0.92,1.0,2.2,0.08,0.0,4.4,0.47,1.0,14.2,0.53,0.0
911,11,45,0,1,2,10.2,0.92,1.0,2.2,0.08,0.0,4.4,0.47,0.0,14.2,0.53,1.0
912,12,45,0,1,2,10.2,0.92,1.0,2.2,0.08,0.0,4.4,0.47,0.0,14.2,0.53,1.0
913,13,45,0,1,2,10.2,0.92,1.0,2.2,0.08,0.0,4.4,0.47,0.0,14.2,0.53,1.0
914,14,45,0,0,2,10.2,0.92,1.0,2.2,0.08,0.0,4.4,0.47,1.0,14.2,0.53,0.0
915,15,45,0,1,2,10.2,0.92,1.0,2.2,0.08,0.0,4.4,0.47,0.0,14.2,0.53,1.0
916,16,45,0,0,2,10.2,0.92,1.0,2.2,0.08,0.0,4.4,0.47,1.0,14.2,0.53,0.0
917,17,45,0,1,2,10.2,0.92,0.0,2.2,0.08,1.0,4.4,0.47,0.0,14.2,0.53,1.0
918,18,45,0,0,2,10.2,0.92,1.0,2.2,0.08,0.0,4.4,0.47,1.0,14.2,0.53,0.0
919,19,45,0,1,2,10.2,0.92,1.0,2.2,0.08,0.0,4.4,0.47,0.0,14.2,0.53,1.0
920,0,46,0,1,2,5.5,0.57,1.0,16.2,0.43,0.0,10.6,0.95,1.0,2.7,0.05,0.0
921,1,46,0,1,2,5.5,0.57,1.0,16.2,0.43,0.0,10.6,0.95,1.0,2.7,0.05,0.0
922,2,46,0,0,2,5.5,0.57,0.0,16.2,0.43,1.0,10.6,0.95,1.0,2.7,0.05,0.0
923,3,46,0,1,2,5.5,0.57,1.0,16.2,0.43,0.0,10.6,0.95,1.0,2.7,0.05,0.0
924,4,46,0,1,2,5.5,0.57,1.0,16.2,0.43,0.0,10.6,0.95,1.0,2.7,0.05,0.0
925,5,46,0,0,2,5.5,0.57,0.0,16.2,0.43,1.0,10.6,0.95,1.0,2.7,0.05,0.0
926,6,46,0,1,2,5.5,0.57,1.0,16.2,0.43,0.0,10.6,0.95,1.0,2.7,0.05,0.0
927,7,46,0,0,2,5.5,0.57,0.0,16.2,0.43,1.0,10.6,0.95,1.0,2.7,0.05,0.0
928,8,46,0,1,2,5.5,0.57,1.0,16.2,0.43,0.0,10.6,0.95,1.0,2.7,0.05,0.0
929,9,46,0,1,2,5.5,0.57,1.0,16.2,0.43,0.0,10.6,0.95,1.0,2.7,0.05,0.0
930,10,46,0,1,2,5.5,0.57,1.0,16.2,0.43,0.0,10.6,0.95,1.0,2.7,0.05,0.0
931,11,46,0,0,2,5.5,0.57,0.0,16.2,0.43,1.0,10.6,0.95,0.0,2.7,0.05,1.0
932,12,46,0,0,2,5.5,0.57,0.0,16.2,0.43,1.0,10.6,0.95,1.0,2.7,0.05,0.0
933,13,46,0,1,2,5.5,0.57,1.0,16.2,0.43,0.0,10.6,0.95,1.0,2.7,0.05,0.0
934,14,46,0,0,2,5.5,0.57,0.0,16.2,0.43,1.0,10.6,0.95,1.0,2.7,0.05,0.0
935,15,46,0,1,2,5.5,0.57,1.0,16.2,0.43,0.0,10.6,0.95,1.0,2.7,0.05,0.0
936,16,46,0,1,2,5.5,0.57,1.0,16.2,0.43,0.0,10.6,0.95,1.0,2.7,0.05,0.0
937,17,46,0,0,2,5.5,0.57,0.0,16.2,0.43,1.0,10.6,0.95,1.0,2.7,0.05,0.0
938,18,46,0,0,2,5.5,0.57,0.0,16.2,0.43,1.0,10.6,0.95,0.0,2.7,0.05,1.0
939,19,46,0,0,2,5.5,0.57,0.0,16.2,0.43,1.0,10.6,0.95,1.0,2.7,0.05,0.0
940,0,47,0,1,2,9.8,0.92,1.0,4.3,0.08,0.0,1.1,0.37,0.0,14.9,0.63,1.0
941,1,47,0,1,2,9.8,0.92,1.0,4.3,0.08,0.0,1.1,0.37,0.0,14.9,0.63,1.0
942,2,47,0,1,2,9.8,0.92,1.0,4.3,0.08,0.0,1.1,0.37,0.0,14.9,0.63,1.0
943,3,47,0,1,2,9.8,0.92,1.0,4.3,0.08,0.0,1.1,0.37,0.0,14.9,0.63,1.0
944,4,47,0,0,2,9.8,0.92,1.0,4.3,0.08,0.0,1.1,0.37,1.0,14.9,0.63,0.0
945,5,47,0,1,2,9.8,0.92,1.0,4.3,0.08,0.0,1.1,0.37,0.0,14.9,0.63,1.0
946,6,47,0,1,2,9.8,0.92,1.0,4.3,0.08,0.0,1.1,0.37,0.0,14.9,0.63,1.0
947,7,47,0,1,2,9.8,0.92,1.0,4.3,0.08,0.0,1.1,0.37,0.0,14.9,0.63,1.0
948,8,47,0,1,2,9.8,0.92,1.0,4.3,0.08,0.0,1.1,0.37,0.0,14.9,0.63,1.0
949,9,47,0,1,2,9.8,0.92,1.0,4.3,0.08,0.0,1.1,0.37,0.0,14.9,0.63,1.0
950,10,47,0,1,2,9.8,0.92,1.0,4.3,0.08,0.0,1.1,0.37,0.0,14.9,0.63,1.0
951,11,47,0,0,2,9.8,0.92,1.0,4.3,0.08,0.0,1.1,0.37,1.0,14.9,0.63,0.0
952,12,47,0,0,2,9.8,0.92,1.0,4.3,0.08,0.0,1.1,0.37,1.0,14.9,0.63,0.0
953,13,47,0,1,2,9.8,0.92,1.0,4.3,0.08,0.0,1.1,0.37,0.0,14.9,0.63,1.0
954,14,47,0,1,2,9.8,0.92,1.0,4.3,0.08,0.0,1.1,0.37,0.0,14.9,0.63,1.0
955,15,47,0,1,2,9.8,0.92,1.0,4.3,0.08,0.0,1.1,0.37,0.0,14.9,0.63,1.0
956,16,47,0,1,2,9.8,0.92,1.0,4.3,0.08,0.0,1.1,0.37,0.0,14.9,0.63,1.0
957,17,47,0,1,2,9.8,0.92,1.0,4.3,0.08,0.0,1.1,0.37,0.0,14.9,0.63,1.0
958,18,47,0,0,2,9.8,0.92,0.0,4.3,0.08,1.0,1.1,0.37,1.0,14.9,0.63,0.0
959,19,47,0,1,2,9.8,0.92,1.0,4.3,0.08,0.0,1.1,0.37,0.0,14.9,0.63,1.0
960,0,48,0,0,4,3.9,0.65,1.0,21.8,0.35,0.0,17.5,0.37,0.0,5.9,0.63,1.0
961,1,48,0,0,2,3.9,0.65,0.0,21.8,0.35,1.0,17.5,0.37,1.0,5.9,0.63,0.0
962,2,48,0,1,3,3.9,0.65,1.0,21.8,0.35,0.0,17.5,0.37,0.0,5.9,0.63,1.0
963,3,48,0,0,3,3.9,0.65,0.5,21.8,0.35,0.5,17.5,0.37,0.0,5.9,0.63,1.0
964,4,48,0,0,2,3.9,0.65,0.0,21.8,0.35,1.0,17.5,0.37,1.0,5.9,0.63,0.0
965,5,48,0,1,3,3.9,0.65,1.0,21.8,0.35,0.0,17.5,0.37,0.5,5.9,0.63,0.5
966,6,48,0,1,2,3.9,0.65,1.0,21.8,0.35,0.0,17.5,0.37,1.0,5.9,0.63,0.0
967,7,48,0,1,3,3.9,0.65,1.0,21.8,0.35,0.0,17.5,0.37,0.0,5.9,0.63,1.0
968,8,48,0,0,3,3.9,0.65,0.5,21.8,0.35,0.5,17.5,0.37,0.0,5.9,0.63,1.0
969,9,48,0,1,3,3.9,0.65,1.0,21.8,0.35,0.0,17.5,0.37,0.0,5.9,0.63,1.0
970,10,48,0,0,4,3.9,0.65,1.0,21.8,0.35,0.0,17.5,0.37,0.0,5.9,0.63,1.0
971,11,48,0,1,3,3.9,0.65,1.0,21.8,0.35,0.0,17.5,0.37,0.0,5.9,0.63,1.0
972,12,48,0,1,4,3.9,0.65,1.0,21.8,0.35,0.0,17.5,0.37,0.0,5.9,0.63,1.0
973,13,48,0,1,2,3.9,0.65,1.0,21.8,0.35,0.0,17.5,0.37,1.0,5.9,0.63,0.0
974,14,48,0,1,2,3.9,0.65,1.0,21.8,0.35,0.0,17.5,0.37,1.0,5.9,0.63,0.0
975,15,48,0,0,3,3.9,0.65,0.5,21.8,0.35,0.5,17.5,0.37,0.0,5.9,0.63,1.0
976,16,48,0,1,2,3.9,0.65,1.0,21.8,0.35,0.0,17.5,0.37,1.0,5.9,0.63,0.0
977,17,48,0,0,2,3.9,0.65,0.0,21.8,0.35,1.0,17.5,0.37,0.0,5.9,0.63,1.0
978,18,48,0,1,2,3.9,0.65,1.0,21.8,0.35,0.0,17.5,0.37,1.0,5.9,0.63,0.0
979,19,48,0,1,3,3.9,0.65,1.0,21.8,0.35,0.0,17.5,0.37,0.5,5.9,0.63,0.5
980,0,49,0,1,3,14.8,0.38,0.0,6.6,0.62,1.0,13.3,0.4,0.0,7.4,0.6,1.0
981,1,49,0,0,2,14.8,0.38,1.0,6.6,0.62,0.0,13.3,0.4,0.0,7.4,0.6,1.0
982,2,49,0,0,2,14.8,0.38,1.0,6.6,0.62,0.0,13.3,0.4,0.0,7.4,0.6,1.0
983,3,49,0,1,3,14.8,0.38,0.0,6.6,0.62,1.0,13.3,0.4,0.0,7.4,0.6,1.0
984,4,49,0,1,2,14.8,0.38,0.0,6.6,0.62,1.0,13.3,0.4,1.0,7.4,0.6,0.0
985,5,49,0,0,4,14.8,0.38,1.0,6.6,0.62,0.0,13.3,0.4,1.0,7.4,0.6,0.0
986,6,49,0,0,2,14.8,0.38,1.0,6.6,0.62,0.0,13.3,0.4,0.0,7.4,0.6,1.0
987,7,49,0,1,3,14.8,0.38,0.0,6.6,0.62,1.0,13.3,0.4,0.5,7.4,0.6,0.5
988,8,49,0,1,3,14.8,0.38,0.0,6.6,0.62,1.0,13.3,0.4,0.0,7.4,0.6,1.0
989,9,49,0,0,3,14.8,0.38,1.0,6.6,0.62,0.0,13.3,0.4,1.0,7.4,0.6,0.0
990,10,49,0,0,2,14.8,0.38,1.0,6.6,0.62,0.0,13.3,0.4,0.0,7.4,0.6,1.0
991,11,49,0,1,7,14.8,0.38,0.0,6.6,0.62,1.0,13.3,0.4,0.25,7.4,0.6,0.75
992,12,49,0,1,2,14.8,0.38,0.0,6.6,0.62,1.0,13.3,0.4,1.0,7.4,0.6,0.0
993,13,49,0,1,2,14.8,0.38,0.0,6.6,0.62,1.0,13.3,0.4,1.0,7.4,0.6,0.0
994,14,49,0,1,3,14.8,0.38,0.0,6.6,0.62,1.0,13.3,0.4,0.0,7.4,0.6,1.0
995,15,49,0,0,2,14.8,0.38,1.0,6.6,0.62,0.0,13.3,0.4,0.0,7.4,0.6,1.0
996,16,49,0,0,2,14.8,0.38,1.0,6.6,0.62,0.0,13.3,0.4,0.0,7.4,0.6,1.0
997,17,49,0,0,3,14.8,0.38,0.5,6.6,0.62,0.5,13.3,0.4,0.0,7.4,0.6,1.0
998,18,49,0,1,3,14.8,0.38,0.0,6.6,0.62,1.0,13.3,0.4,0.0,7.4,0.6,1.0
999,19,49,0,0,2,14.8,0.38,1.0,6.6,0.62,0.0,13.3,0.4,0.0,7.4,0.6,1.0
1000,0,50,0,0,2,27.9,0.34,1.0,0.2,0.66,0.0,18.1,0.53,1.0,0.2,0.47,0.0
1001,1,50,0,0,2,27.9,0.34,1.0,0.2,0.66,0.0,18.1,0.53,0.0,0.2,0.47,1.0
1002,2,50,0,1,2,27.9,0.34,0.0,0.2,0.66,1.0,18.1,0.53,1.0,0.2,0.47,0.0
1003,3,50,0,1,3,27.9,0.34,0.0,0.2,0.66,1.0,18.1,0.53,0.0,0.2,0.47,1.0
1004,4,50,0,1,2,27.9,0.34,0.0,0.2,0.66,1.0,18.1,0.53,1.0,0.2,0.47,0.0
1005,5,50,0,0,3,27.9,0.34,0.5,0.2,0.66,0.5,18.1,0.53,0.0,0.2,0.47,1.0
1006,6,50,0,0,3,27.9,0.34,0.0,0.2,0.66,1.0,18.1,0.53,0.0,0.2,0.47,1.0
1007,7,50,0,1,3,27.9,0.34,0.0,0.2,0.66,1.0,18.1,0.53,0.5,0.2,0.47,0.5
1008,8,50,0,1,2,27.9,0.34,0.0,0.2,0.66,1.0,18.1,0.53,1.0,0.2,0.47,0.0
1009,9,50,0,0,3,27.9,0.34,0.5,0.2,0.66,0.5,18.1,0.53,0.0,0.2,0.47,1.0
1010,10,50,0,0,3,27.9,0.34,0.5,0.2,0.66,0.5,18.1,0.53,0.0,0.2,0.47,1.0
1011,11,50,0,1,2,27.9,0.34,0.0,0.2,0.66,1.0,18.1,0.53,1.0,0.2,0.47,0.0
1012,12,50,0,0,3,27.9,0.34,0.0,0.2,0.66,1.0,18.1,0.53,0.0,0.2,0.47,1.0
1013,13,50,0,1,3,27.9,0.34,0.0,0.2,0.66,1.0,18.1,0.53,0.0,0.2,0.47,1.0
1014,14,50,0,0,2,27.9,0.34,1.0,0.2,0.66,0.0,18.1,0.53,0.0,0.2,0.47,1.0
1015,15,50,0,1,3,27.9,0.34,0.0,0.2,0.66,1.0,18.1,0.53,0.5,0.2,0.47,0.5
1016,16,50,0,0,2,27.9,0.34,1.0,0.2,0.66,0.0,18.1,0.53,0.0,0.2,0.47,1.0
1017,17,50,0,0,3,27.9,0.34,0.5,0.2,0.66,0.5,18.1,0.53,0.0,0.2,0.47,1.0
1018,18,50,0,1,3,27.9,0.34,0.0,0.2,0.66,1.0,18.1,0.53,0.5,0.2,0.47,0.5
1019,19,50,0,0,2,27.9,0.34,1.0,0.2,0.66,0.0,18.1,0.53,0.0,0.2,0.47,1.0
1020,0,51,0,1,7,9.7,0.55,0.4,10.6,0.45,0.6,6.2,0.45,0.0,13.8,0.55,1.0
1021,1,51,0,1,3,9.7,0.55,1.0,10.6,0.45,0.0,6.2,0.45,0.0,13.8,0.55,1.0
1022,2,51,0,0,2,9.7,0.55,1.0,10.6,0.45,0.0,6.2,0.45,1.0,13.8,0.55,0.0
1023,3,51,0,0,2,9.7,0.55,1.0,10.6,0.45,0.0,6.2,0.45,1.0,13.8,0.55,0.0
1024,4,51,0,0,2,9.7,0.55,1.0,10.6,0.45,0.0,6.2,0.45,1.0,13.8,0.55,0.0
1025,5,51,0,1,6,9.7,0.55,1.0,10.6,0.45,0.0,6.2,0.45,0.0,13.8,0.55,1.0
1026,6,51,0,0,4,9.7,0.55,0.333,10.6,0.45,0.667,6.2,0.45,1.0,13.8,0.55,0.0
1027,7,51,0,0,9,9.7,0.55,0.5,10.6,0.45,0.5,6.2,0.45,0.6,13.8,0.55,0.4
1028,8,51,0,0,10,9.7,0.55,0.25,10.6,0.45,0.75,6.2,0.45,0.5,13.8,0.55,0.5
1029,9,51,0,1,14,9.7,0.55,0.444,10.6,0.45,0.556,6.2,0.45,0.2,13.8,0.55,0.8
1030,10,51,0,0,3,9.7,0.55,0.0,10.6,0.45,1.0,6.2,0.45,1.0,13.8,0.55,0.0
1031,11,51,0,0,2,9.7,0.55,1.0,10.6,0.45,0.0,6.2,0.45,1.0,13.8,0.55,0.0
1032,12,51,0,0,3,9.7,0.55,0.5,10.6,0.45,0.5,6.2,0.45,1.0,13.8,0.55,0.0
1033,13,51,0,1,11,9.7,0.55,0.5,10.6,0.45,0.5,6.2,0.45,0.2,13.8,0.55,0.8
1034,14,51,0,0,2,9.7,0.55,1.0,10.6,0.45,0.0,6.2,0.45,1.0,13.8,0.55,0.0
1035,15,51,0,1,3,9.7,0.55,0.0,10.6,0.45,1.0,6.2,0.45,0.0,13.8,0.55,1.0
1036,16,51,0,0,3,9.7,0.55,0.0,10.6,0.45,1.0,6.2,0.45,1.0,13.8,0.55,0.0
1037,17,51,0,1,3,9.7,0.55,1.0,10.6,0.45,0.0,6.2,0.45,0.0,13.8,0.55,1.0
1038,18,51,0,0,5,9.7,0.55,1.0,10.6,0.45,0.0,6.2,0.45,0.667,13.8,0.55,0.333
1039,19,51,0,0,14,9.7,0.55,0.222,10.6,0.45,0.778,6.2,0.45,0.6,13.8,0.55,0.4
1040,0,52,0,0,2,4.7,0.54,0.0,16.2,0.46,1.0,20.0,0.48,0.0,1.2,0.52,1.0
1041,1,52,0,1,2,4.7,0.54,0.0,16.2,0.46,1.0,20.0,0.48,1.0,1.2,0.52,0.0
1042,2,52,0,1,2,4.7,0.54,1.0,16.2,0.46,0.0,20.0,0.48,1.0,1.2,0.52,0.0
1043,3,52,0,0,2,4.7,0.54,1.0,16.2,0.46,0.0,20.0,0.48,0.0,1.2,0.52,1.0
1044,4,52,0,0,2,4.7,0.54,0.0,16.2,0.46,1.0,20.0,0.48,0.0,1.2,0.52,1.0
1045,5,52,0,0,2,4.7,0.54,1.0,16.2,0.46,0.0,20.0,0.48,0.0,1.2,0.52,1.0
1046,6,52,0,1,2,4.7,0.54,0.0,16.2,0.46,1.0,20.0,0.48,1.0,1.2,0.52,0.0
1047,7,52,0,1,2,4.7,0.54,0.0,16.2,0.46,1.0,20.0,0.48,1.0,1.2,0.52,0.0
1048,8,52,0,1,2,4.7,0.54,0.0,16.2,0.46,1.0,20.0,0.48,1.0,1.2,0.52,0.0
1049,9,52,0,1,2,4.7,0.54,0.0,16.2,0.46,1.0,20.0,0.48,1.0,1.2,0.52,0.0
1050,10,52,0,1,2,4.7,0.54,1.0,16.2,0.46,0.0,20.0,0.48,1.0,1.2,0.52,0.0
1051,11,52,0,1,2,4.7,0.54,0.0,16.2,0.46,1.0,20.0,0.48,1.0,1.2,0.52,0.0
1052,12,52,0,1,2,4.7,0.54,0.0,16.2,0.46,1.0,20.0,0.48,1.0,1.2,0.52,0.0
1053,13,52,0,1,2,4.7,0.54,0.0,16.2,0.46,1.0,20.0,0.48,1.0,1.2,0.52,0.0
1054,14,52,0,1,2,4.7,0.54,0.0,16.2,0.46,1.0,20.0,0.48,1.0,1.2,0.52,0.0
1055,15,52,0,1,2,4.7,0.54,0.0,16.2,0.46,1.0,20.0,0.48,1.0,1.2,0.52,0.0
1056,16,52,0,0,2,4.7,0.54,1.0,16.2,0.46,0.0,20.0,0.48,0.0,1.2,0.52,1.0
1057,17,52,0,0,2,4.7,0.54,1.0,16.2,0.46,0.0,20.0,0.48,0.0,1.2,0.52,1.0
1058,18,52,0,1,2,4.7,0.54,0.0,16.2,0.46,1.0,20.0,0.48,1.0,1.2,0.52,0.0
1059,19,52,0,0,2,4.7,0.54,1.0,16.2,0.46,0.0,20.0,0.48,0.0,1.2,0.52,1.0
1060,0,53,0,0,3,2.5,0.63,0.0,22.0,0.37,1.0,20.6,0.37,0.5,3.8,0.63,0.5
1061,1,53,0,0,3,2.5,0.63,1.0,22.0,0.37,0.0,20.6,0.37,0.0,3.8,0.63,1.0
1062,2,53,0,0,3,2.5,0.63,0.0,22.0,0.37,1.0,20.6,0.37,1.0,3.8,0.63,0.0
1063,3,53,0,1,3,2.5,0.63,0.5,22.0,0.37,0.5,20.6,0.37,1.0,3.8,0.63,0.0
1064,4,53,0,0,2,2.5,0.63,0.0,22.0,0.37,1.0,20.6,0.37,0.0,3.8,0.63,1.0
1065,5,53,0,1,2,2.5,0.63,1.0,22.0,0.37,0.0,20.6,0.37,1.0,3.8,0.63,0.0
1066,6,53,0,0,3,2.5,0.63,1.0,22.0,0.37,0.0,20.6,0.37,0.0,3.8,0.63,1.0
1067,7,53,0,0,3,2.5,0.63,0.5,22.0,0.37,0.5,20.6,0.37,0.0,3.8,0.63,1.0
1068,8,53,0,1,3,2.5,0.63,1.0,22.0,0.37,0.0,20.6,0.37,0.0,3.8,0.63,1.0
1069,9,53,0,1,2,2.5,0.63,1.0,22.0,0.37,0.0,20.6,0.37,1.0,3.8,0.63,0.0
1070,10,53,0,1,3,2.5,0.63,1.0,22.0,0.37,0.0,20.6,0.37,0.0,3.8,0.63,1.0
1071,11,53,0,1,3,2.5,0.63,0.0,22.0,0.37,1.0,20.6,0.37,1.0,3.8,0.63,0.0
1072,12,53,0,1,2,2.5,0.63,1.0,22.0,0.37,0.0,20.6,0.37,1.0,3.8,0.63,0.0
1073,13,53,0,1,3,2.5,0.63,0.5,22.0,0.37,0.5,20.6,0.37,1.0,3.8,0.63,0.0
1074,14,53,0,1,2,2.5,0.63,1.0,22.0,0.37,0.0,20.6,0.37,1.0,3.8,0.63,0.0
1075,15,53,0,1,2,2.5,0.63,1.0,22.0,0.37,0.0,20.6,0.37,1.0,3.8,0.63,0.0
1076,16,53,0,1,3,2.5,0.63,1.0,22.0,0.37,0.0,20.6,0.37,0.0,3.8,0.63,1.0
1077,17,53,0,1,3,2.5,0.63,1.0,22.0,0.37,0.0,20.6,0.37,0.0,3.8,0.63,1.0
1078,18,53,0,0,3,2.5,0.63,0.0,22.0,0.37,1.0,20.6,0.37,0.5,3.8,0.63,0.5
1079,19,53,0,0,2,2.5,0.63,0.0,22.0,0.37,1.0,20.6,0.37,0.0,3.8,0.63,1.0
1080,0,54,0,1,2,20.2,0.42,0.0,1.9,0.58,1.0,11.5,0.55,0.0,7.6,0.45,1.0
1081,1,54,0,1,2,20.2,0.42,0.0,1.9,0.58,1.0,11.5,0.55,1.0,7.6,0.45,0.0
1082,2,54,0,0,2,20.2,0.42,1.0,1.9,0.58,0.0,11.5,0.55,1.0,7.6,0.45,0.0
1083,3,54,0,1,2,20.2,0.42,0.0,1.9,0.58,1.0,11.5,0.55,0.0,7.6,0.45,1.0
1084,4,54,0,1,2,20.2,0.42,0.0,1.9,0.58,1.0,11.5,0.55,1.0,7.6,0.45,0.0
1085,5,54,0,1,2,20.2,0.42,0.0,1.9,0.58,1.0,11.5,0.55,0.0,7.6,0.45,1.0
1086,6,54,0,0,2,20.2,0.42,1.0,1.9,0.58,0.0,11.5,0.55,0.0,7.6,0.45,1.0
1087,7,54,0,0,2,20.2,0.42,1.0,1.9,0.58,0.0,11.5,0.55,0.0,7.6,0.45,1.0
1088,8,54,0,0,2,20.2,0.42,1.0,1.9,0.58,0.0,11.5,0.55,0.0,7.6,0.45,1.0
1089,9,54,0,0,2,20.2,0.42,1.0,1.9,0.58,0.0,11.5,0.55,0.0,7.6,0.45,1.0
1090,10,54,0,0,2,20.2,0.42,1.0,1.9,0.58,0.0,11.5,0.55,1.0,7.6,0.45,0.0
1091,11,54,0,0,2,20.2,0.42,1.0,1.9,0.58,0.0,11.5,0.55,1.0,7.6,0.45,0.0
1092,12,54,0,1,2,20.2,0.42,0.0,1.9,0.58,1.0,11.5,0.55,0.0,7.6,0.45,1.0
1093,13,54,0,0,2,20.2,0.42,1.0,1.9,0.58,0.0,11.5,0.55,0.0,7.6,0.45,1.0
1094,14,54,0,1,2,20.2,0.42,0.0,1.9,0.58,1.0,11.5,0.55,1.0,7.6,0.45,0.0
1095,15,54,0,1,2,20.2,0.42,0.0,1.9,0.58,1.0,11.5,0.55,0.0,7.6,0.45,1.0
1096,16,54,0,0,2,20.2,0.42,1.0,1.9,0.58,0.0,11.5,0.55,1.0,7.6,0.45,0.0
1097,17,54,0,0,2,20.2,0.42,1.0,1.9,0.58,0.0,11.5,0.55,1.0,7.6,0.45,0.0
1098,18,54,0,1,2,20.2,0.42,0.0,1.9,0.58,1.0,11.5,0.55,1.0,7.6,0.45,0.0
1099,19,54,0,0,2,20.2,0.42,1.0,1.9,0.58,0.0,11.5,0.55,1.0,7.6,0.45,0.0
1100,0,55,0,1,2,3.2,0.36,1.0,12.8,0.64,0.0,4.5,0.64,0.0,18.9,0.36,1.0
1101,1,55,0,0,2,3.2,0.36,0.0,12.8,0.64,1.0,4.5,0.64,1.0,18.9,0.36,0.0
1102,2,55,0,1,3,3.2,0.36,1.0,12.8,0.64,0.0,4.5,0.64,1.0,18.9,0.36,0.0
1103,3,55,0,0,4,3.2,0.36,1.0,12.8,0.64,0.0,4.5,0.64,1.0,18.9,0.36,0.0
1104,4,55,0,1,2,3.2,0.36,1.0,12.8,0.64,0.0,4.5,0.64,0.0,18.9,0.36,1.0
1105,5,55,0,1,3,3.2,0.36,1.0,12.8,0.64,0.0,4.5,0.64,1.0,18.9,0.36,0.0
1106,6,55,0,1,2,3.2,0.36,0.0,12.8,0.64,1.0,4.5,0.64,0.0,18.9,0.36,1.0
1107,7,55,0,1,2,3.2,0.36,0.0,12.8,0.64,1.0,4.5,0.64,0.0,18.9,0.36,1.0
1108,8,55,0,0,2,3.2,0.36,0.0,12.8,0.64,1.0,4.5,0.64,1.0,18.9,0.36,0.0
1109,9,55,0,0,2,3.2,0.36,0.0,12.8,0.64,1.0,4.5,0.64,1.0,18.9,0.36,0.0
1110,10,55,0,1,2,3.2,0.36,1.0,12.8,0.64,0.0,4.5,0.64,0.0,18.9,0.36,1.0
1111,11,55,0,1,2,3.2,0.36,1.0,12.8,0.64,0.0,4.5,0.64,0.0,18.9,0.36,1.0
1112,12,55,0,0,2,3.2,0.36,0.0,12.8,0.64,1.0,4.5,0.64,1.0,18.9,0.36,0.0
1113,13,55,0,0,2,3.2,0.36,0.0,12.8,0.64,1.0,4.5,0.64,1.0,18.9,0.36,0.0
1114,14,55,0,1,2,3.2,0.36,0.0,12.8,0.64,1.0,4.5,0.64,0.0,18.9,0.36,1.0
1115,15,55,0,0,2,3.2,0.36,0.0,12.8,0.64,1.0,4.5,0.64,1.0,18.9,0.36,0.0
1116,16,55,0,1,5,3.2,0.36,0.333,12.8,0.64,0.667,4.5,0.64,0.5,18.9,0.36,0.5
1117,17,55,0,0,2,3.2,0.36,0.0,12.8,0.64,1.0,4.5,0.64,1.0,18.9,0.36,0.0
1118,18,55,0,1,5,3.2,0.36,0.5,12.8,0.64,0.5,4.5,0.64,1.0,18.9,0.36,0.0
1119,19,55,0,1,2,3.2,0.36,0.0,12.8,0.64,1.0,4.5,0.64,0.0,18.9,0.36,1.0
1120,0,56,0,0,2,19.0,0.44,1.0,2.7,0.56,0.0,10.1,0.36,1.0,9.8,0.64,0.0
1121,1,56,0,1,2,19.0,0.44,0.0,2.7,0.56,1.0,10.1,0.36,0.0,9.8,0.64,1.0
1122,2,56,0,0,2,19.0,0.44,1.0,2.7,0.56,0.0,10.1,0.36,0.0,9.8,0.64,1.0
1123,3,56,0,0,2,19.0,0.44,1.0,2.7,0.56,0.0,10.1,0.36,0.0,9.8,0.64,1.0
1124,4,56,0,1,2,19.0,0.44,0.0,2.7,0.56,1.0,10.1,0.36,1.0,9.8,0.64,0.0
1125,5,56,0,0,2,19.0,0.44,1.0,2.7,0.56,0.0,10.1,0.36,0.0,9.8,0.64,1.0
1126,6,56,0,1,2,19.0,0.44,0.0,2.7,0.56,1.0,10.1,0.36,0.0,9.8,0.64,1.0
1127,7,56,0,0,2,19.0,0.44,1.0,2.7,0.56,0.0,10.1,0.36,1.0,9.8,0.64,0.0
1128,8,56,0,0,2,19.0,0.44,1.0,2.7,0.56,0.0,10.1,0.36,1.0,9.8,0.64,0.0
1129,9,56,0,1,2,19.0,0.44,0.0,2.7,0.56,1.0,10.1,0.36,1.0,9.8,0.64,0.0
1130,10,56,0,1,2,19.0,0.44,0.0,2.7,0.56,1.0,10.1,0.36,1.0,9.8,0.64,0.0
1131,11,56,0,0,2,19.0,0.44,1.0,2.7,0.56,0.0,10.1,0.36,0.0,9.8,0.64,1.0
1132,12,56,0,0,2,19.0,0.44,1.0,2.7,0.56,0.0,10.1,0.36,1.0,9.8,0.64,0.0
1133,13,56,0,1,2,19.0,0.44,0.0,2.7,0.56,1.0,10.1,0.36,0.0,9.8,0.64,1.0
1134,14,56,0,0,2,19.0,0.44,1.0,2.7,0.56,0.0,10.1,0.36,0.0,9.8,0.64,1.0
1135,15,56,0,0,2,19.0,0.44,1.0,2.7,0.56,0.0,10.1,0.36,1.0,9.8,0.64,0.0
1136,16,56,0,1,2,19.0,0.44,0.0,2.7,0.56,1.0,10.1,0.36,0.0,9.8,0.64,1.0
1137,17,56,0,0,2,19.0,0.44,1.0,2.7,0.56,0.0,10.1,0.36,0.0,9.8,0.64,1.0
1138,18,56,0,0,2,19.0,0.44,1.0,2.7,0.56,0.0,10.1,0.36,0.0,9.8,0.64,1.0
1139,19,56,0,1,2,19.0,0.44,0.0,2.7,0.56,1.0,10.1,0.36,0.0,9.8,0.64,1.0
1140,0,57,0,1,2,16.2,0.43,0.0,4.3,0.57,1.0,8.4,0.47,1.0,11.1,0.53,0.0
1141,1,57,0,1,2,16.2,0.43,0.0,4.3,0.57,1.0,8.4,0.47,1.0,11.1,0.53,0.0
1142,2,57,0,1,2,16.2,0.43,0.0,4.3,0.57,1.0,8.4,0.47,0.0,11.1,0.53,1.0
1143,3,57,0,0,2,16.2,0.43,1.0,4.3,0.57,0.0,8.4,0.47,1.0,11.1,0.53,0.0
1144,4,57,0,1,2,16.2,0.43,0.0,4.3,0.57,1.0,8.4,0.47,0.0,11.1,0.53,1.0
1145,5,57,0,1,2,16.2,0.43,0.0,4.3,0.57,1.0,8.4,0.47,1.0,11.1,0.53,0.0
1146,6,57,0,0,2,16.2,0.43,1.0,4.3,0.57,0.0,8.4,0.47,1.0,11.1,0.53,0.0
1147,7,57,0,1,2,16.2,0.43,0.0,4.3,0.57,1.0,8.4,0.47,1.0,11.1,0.53,0.0
1148,8,57,0,1,2,16.2,0.43,0.0,4.3,0.57,1.0,8.4,0.47,0.0,11.1,0.53,1.0
1149,9,57,0,0,2,16.2,0.43,1.0,4.3,0.57,0.0,8.4,0.47,1.0,11.1,0.53,0.0
1150,10,57,0,0,2,16.2,0.43,1.0,4.3,0.57,0.0,8.4,0.47,1.0,11.1,0.53,0.0
1151,11,57,0,1,2,16.2,0.43,0.0,4.3,0.57,1.0,8.4,0.47,1.0,11.1,0.53,0.0
1152,12,57,0,1,2,16.2,0.43,0.0,4.3,0.57,1.0,8.4,0.47,0.0,11.1,0.53,1.0
1153,13,57,0,1,2,16.2,0.43,0.0,4.3,0.57,1.0,8.4,0.47,0.0,11.1,0.53,1.0
1154,14,57,0,1,2,16.2,0.43,0.0,4.3,0.57,1.0,8.4,0.47,1.0,11.1,0.53,0.0
1155,15,57,0,0,2,16.2,0.43,1.0,4.3,0.57,0.0,8.4,0.47,1.0,11.1,0.53,0.0
1156,16,57,0,1,2,16.2,0.43,0.0,4.3,0.57,1.0,8.4,0.47,0.0,11.1,0.53,1.0
1157,17,57,0,0,2,16.2,0.43,1.0,4.3,0.57,0.0,8.4,0.47,1.0,11.1,0.53,0.0
1158,18,57,0,1,2,16.2,0.43,0.0,4.3,0.57,1.0,8.4,0.47,1.0,11.1,0.53,0.0
1159,19,57,0,0,2,16.2,0.43,1.0,4.3,0.57,0.0,8.4,0.47,0.0,11.1,0.53,1.0
1160,0,58,0,0,2,0.6,0.61,0.0,23.3,0.39,1.0,17.0,0.54,1.0,0.8,0.46,0.0
1161,1,58,0,0,2,0.6,0.61,0.0,23.3,0.39,1.0,17.0,0.54,0.0,0.8,0.46,1.0
1162,2,58,0,1,2,0.6,0.61,1.0,23.3,0.39,0.0,17.0,0.54,1.0,0.8,0.46,0.0
1163,3,58,0,0,3,0.6,0.61,1.0,23.3,0.39,0.0,17.0,0.54,0.0,0.8,0.46,1.0
1164,4,58,0,1,2,0.6,0.61,1.0,23.3,0.39,0.0,17.0,0.54,1.0,0.8,0.46,0.0
1165,5,58,0,0,3,0.6,0.61,0.5,23.3,0.39,0.5,17.0,0.54,0.0,0.8,0.46,1.0
1166,6,58,0,1,2,0.6,0.61,1.0,23.3,0.39,0.0,17.0,0.54,1.0,0.8,0.46,0.0
1167,7,58,0,1,2,0.6,0.61,1.0,23.3,0.39,0.0,17.0,0.54,1.0,0.8,0.46,0.0
1168,8,58,0,0,2,0.6,0.61,0.0,23.3,0.39,1.0,17.0,0.54,0.0,0.8,0.46,1.0
1169,9,58,0,0,2,0.6,0.61,0.0,23.3,0.39,1.0,17.0,0.54,1.0,0.8,0.46,0.0
1170,10,58,0,1,3,0.6,0.61,1.0,23.3,0.39,0.0,17.0,0.54,0.0,0.8,0.46,1.0
1171,11,58,0,1,2,0.6,0.61,1.0,23.3,0.39,0.0,17.0,0.54,1.0,0.8,0.46,0.0
1172,12,58,0,1,3,0.6,0.61,1.0,23.3,0.39,0.0,17.0,0.54,0.5,0.8,0.46,0.5
1173,13,58,0,0,3,0.6,0.61,1.0,23.3,0.39,0.0,17.0,0.54,0.0,0.8,0.46,1.0
1174,14,58,0,1,2,0.6,0.61,1.0,23.3,0.39,0.0,17.0,0.54,1.0,0.8,0.46,0.0
1175,15,58,0,1,2,0.6,0.61,1.0,23.3,0.39,0.0,17.0,0.54,1.0,0.8,0.46,0.0
1176,16,58,0,0,3,0.6,0.61,0.5,23.3,0.39,0.5,17.0,0.54,0.0,0.8,0.46,1.0
1177,17,58,0,1,2,0.6,0.61,1.0,23.3,0.39,0.0,17.0,0.54,1.0,0.8,0.46,0.0
1178,18,58,0,1,2,0.6,0.61,1.0,23.3,0.39,0.0,17.0,0.54,1.0,0.8,0.46,0.0
1179,19,58,0,0,2,0.6,0.61,0.0,23.3,0.39,1.0,17.0,0.54,1.0,0.8,0.46,0.0
1180,0,59,0,1,2,2.3,0.64,1.0,23.1,0.36,0.0,18.4,0.36,0.0,5.3,0.64,1.0
1181,1,59,0,0,2,2.3,0.64,0.0,23.1,0.36,1.0,18.4,0.36,0.0,5.3,0.64,1.0
1182,2,59,0,1,2,2.3,0.64,1.0,23.1,0.36,0.0,18.4,0.36,0.0,5.3,0.64,1.0
1183,3,59,0,1,2,2.3,0.64,1.0,23.1,0.36,0.0,18.4,0.36,0.0,5.3,0.64,1.0
1184,4,59,0,1,2,2.3,0.64,1.0,23.1,0.36,0.0,18.4,0.36,1.0,5.3,0.64,0.0
1185,5,59,0,0,2,2.3,0.64,0.0,23.1,0.36,1.0,18.4,0.36,0.0,5.3,0.64,1.0
1186,6,59,0,1,2,2.3,0.64,1.0,23.1,0.36,0.0,18.4,0.36,1.0,5.3,0.64,0.0
1187,7,59,0,1,2,2.3,0.64,1.0,23.1,0.36,0.0,18.4,0.36,0.0,5.3,0.64,1.0
1188,8,59,0,1,2,2.3,0.64,1.0,23.1,0.36,0.0,18.4,0.36,0.0,5.3,0.64,1.0
1189,9,59,0,1,2,2.3,0.64,1.0,23.1,0.36,0.0,18.4,0.36,1.0,5.3,0.64,0.0
1190,10,59,0,1,2,2.3,0.64,1.0,23.1,0.36,0.0,18.4,0.36,1.0,5.3,0.64,0.0
1191,11,59,0,1,2,2.3,0.64,1.0,23.1,0.36,0.0,18.4,0.36,0.0,5.3,0.64,1.0
1192,12,59,0,1,2,2.3,0.64,1.0,23.1,0.36,0.0,18.4,0.36,1.0,5.3,0.64,0.0
1193,13,59,0,1,2,2.3,0.64,1.0,23.1,0.36,0.0,18.4,0.36,0.0,5.3,0.64,1.0
1194,14,59,0,1,2,2.3,0.64,1.0,23.1,0.36,0.0,18.4,0.36,0.0,5.3,0.64,1.0
1195,15,59,0,0,2,2.3,0.64,0.0,23.1,0.36,1.0,18.4,0.36,0.0,5.3,0.64,1.0
1196,16,59,0,1,2,2.3,0.64,1.0,23.1,0.36,0.0,18.4,0.36,0.0,5.3,0.64,1.0
1197,17,59,0,0,2,2.3,0.64,0.0,23.1,0.36,1.0,18.4,0.36,0.0,5.3,0.64,1.0
1198,18,59,0,0,2,2.3,0.64,0.0,23.1,0.36,1.0,18.4,0.36,1.0,5.3,0.64,0.0
1199,19,59,0,1,2,2.3,0.64,1.0,23.1,0.36,0.0,18.4,0.36,0.0,5.3,0.64,1.0
